6.405662624535070293e+00 4.649761437992243174e+01 4.858703385867424629e+01 4.439294100720702829e+01
7.435678572798728680e+00 3.989948454334022898e+01 4.131755473277998192e+01 3.805392941419891883e+01
8.465694521062419042e+00 3.839342075513769004e+01 3.971433923355768769e+01 3.605958331821788221e+01
9.495710469326153813e+00 3.807350006166166168e+01 3.938058888663229595e+01 3.564703940511355285e+01
1.052572641758992944e+01 3.893812724113034562e+01 4.031077159821858658e+01 3.678059271139856179e+01
1.155574236585375836e+01 4.138482093073480428e+01 4.299151969556665165e+01 3.978377336852046398e+01
1.258575831411763701e+01 4.787893989750518386e+01 4.991808664351119518e+01 4.556581482761713886e+01
1.361577426238157962e+01 6.365376411783111621e+01 6.614770951888650075e+01 6.028218189597175325e+01
1.464579021064558262e+01 1.039304091777747914e+02 1.077073931171126446e+02 9.900254850961241004e+01
1.567580615890965490e+01 2.103574733333091444e+02 2.103061183825136879e+02 2.003546266363119344e+02
1.670582210717380534e+01 2.799478532228003473e+02 2.773932293918190339e+02 2.666979958540426310e+02
1.773583805543802683e+01 1.326170091337975521e+02 1.353620936487855886e+02 1.262414470885621398e+02
1.876585400370233359e+01 8.941581744518936148e+01 9.280257066047312264e+01 8.469550160749780332e+01
1.979586995196673271e+01 7.837318032299998549e+01 8.163773121849511938e+01 7.372348533183316022e+01
2.082588590023122421e+01 8.042025829488227373e+01 8.390124057119029999e+01 7.585714972322676886e+01
2.185590184849580808e+01 8.464873003672946083e+01 8.807260785447951434e+01 7.994871419366934617e+01
2.288591779676049498e+01 8.901043223505214996e+01 9.238613005575102477e+01 8.428868100899896376e+01
2.391593374502529912e+01 9.609774510449287277e+01 9.974213053212682212e+01 9.146235095231880052e+01
2.494594969329020628e+01 1.033922069312236260e+02 1.071893549881180405e+02 9.851214383027829058e+01
2.597596564155523069e+01 1.042488236739498149e+02 1.080143537729646255e+02 9.929313511622655142e+01
2.700598158982038655e+01 1.060421427691490521e+02 1.097431645282124890e+02 1.009409976783807537e+02
2.803599753808566319e+01 1.065238179098840163e+02 1.102075131017972751e+02 1.013873633150962945e+02
2.906601348635107129e+01 1.129360963117037073e+02 1.163891323665372255e+02 1.074788240367613383e+02
3.009602943461661440e+01 1.235959326386862074e+02 1.266655186162592628e+02 1.176412841119128245e+02
3.112604538288229961e+01 1.400484745832747535e+02 1.425262382958272269e+02 1.333261685245767296e+02
3.215606133114813758e+01 1.580703577551460342e+02 1.598998476778711222e+02 1.505071704269792860e+02
3.318607727941412122e+01 1.782731672632725690e+02 1.793759322505349303e+02 1.697673390388123664e+02
3.421609322768026118e+01 2.059087424915252029e+02 2.060174149682311224e+02 1.961134686881089806e+02
3.524610917594655746e+01 2.524126112199652709e+02 2.508484707650416681e+02 2.404475179920944470e+02
3.627612512421302426e+01 3.054919649733890878e+02 3.020184816661586069e+02 2.910502474138045841e+02
3.730614107247966871e+01 2.741373060910764252e+02 2.717916962335035009e+02 2.611585624678600084e+02
3.833615702074648368e+01 2.077421876436945354e+02 2.077849083868384241e+02 1.978613673037507681e+02
3.936617296901346919e+01 1.584070898116978015e+02 1.602244669843636586e+02 1.508281909357153268e+02
4.039618891728064654e+01 1.246039796205692909e+02 1.276373046574272649e+02 1.186022967290890477e+02
4.142620486554801573e+01 1.068750393511734558e+02 1.105461005884304910e+02 1.017149405412260847e+02
4.245622081381558388e+01 9.932574217699009012e+01 1.031684979241500173e+02 9.470850203603635009e+01
4.348623676208335098e+01 9.810612869338673647e+01 1.018951562382824392e+02 9.350928033495512182e+01
4.451625271035130282e+01 1.009584417244125802e+02 1.048203616774638789e+02 9.626886162366521660e+01
4.554626865861948914e+01 1.063140640562309329e+02 1.100053044044601052e+02 1.011929856017342644e+02
4.657628460688787442e+01 1.158311785115793242e+02 1.191800741782149657e+02 1.102388248818067495e+02
4.760630055515647285e+01 1.204612042949866293e+02 1.236435510869578849e+02 1.146528187488324591e+02
4.863631650342531998e+01 1.139616378359299773e+02 1.173777836454880514e+02 1.084565149201550014e+02
4.966633245169436606e+01 1.031001066299894262e+02 1.069085743210684711e+02 9.824645609049851203e+01
5.069634839996366793e+01 9.273134418333340534e+01 9.618517382156676376e+01 8.798719380243089461e+01
5.172636434823321139e+01 8.562067459389815838e+01 8.901585193646137384e+01 8.089084387355661931e+01
5.275638029650298222e+01 8.069359836695539911e+01 8.418827318847057484e+01 7.613262082485984195e+01
5.378639624477300885e+01 7.763271192508022978e+01 8.080199537239724350e+01 7.289726367241544835e+01
5.481641219304327706e+01 7.263953866355603850e+01 7.665965165902341028e+01 6.902402903686292746e+01
5.584642814131380817e+01 6.828260671619155175e+01 7.080770361525077305e+01 6.458612959023038513e+01
5.687644408958461639e+01 6.344330845896683968e+01 6.594996044418678594e+01 6.010282069344263789e+01
5.790646003785567331e+01 5.909192091922944456e+01 6.174529801101402171e+01 5.628958680925632052e+01
5.893647598612702154e+01 5.566897050768776012e+01 5.790130725635363973e+01 5.262705626949937709e+01
5.996649193439863268e+01 5.429778810116460619e+01 5.647357945404007040e+01 5.121265710307835661e+01
6.099650788267051382e+01 5.521697727995951510e+01 5.742956658994127395e+01 5.215088342383383946e+01
6.202652383094270050e+01 5.943128045971106843e+01 6.211059375331053189e+01 5.661976358753526029e+01
6.305653977921517850e+01 6.520908418891146141e+01 6.758789387098585166e+01 6.163503080115189192e+01
6.408655572748794782e+01 7.099288851607437323e+01 7.469254144143047824e+01 6.740388571664843198e+01
6.511657167576103689e+01 7.248266869905168619e+01 7.651557548597611458e+01 6.888413707938130415e+01
6.614658762403441017e+01 6.937630781657713896e+01 7.226736982214279692e+01 6.569595969294489635e+01
6.717660357230808188e+01 6.138839434601724321e+01 6.402497570490068313e+01 5.835970325903689115e+01
6.820661952058210886e+01 5.361105170155541799e+01 5.579563701572104861e+01 5.056121077264379693e+01
6.923663546885642006e+01 4.784136777272546937e+01 4.988276867974484219e+01 4.553464385462928732e+01
7.026665141713107232e+01 4.370674602343698467e+01 4.556974553668225525e+01 4.188888403268997962e+01
7.129666736540605143e+01 4.108999749011852032e+01 4.263848445162947343e+01 3.948000923480487501e+01
7.232668331368135739e+01 3.967245843883478784e+01 4.108214342809169040e+01 3.775061908035267066e+01
7.335669926195701862e+01 3.867510529970530087e+01 4.002215293537025786e+01 3.643536177198354409e+01
7.438671521023302091e+01 3.818692447408574964e+01 3.949838722172933103e+01 3.579330237558469463e+01
7.541673115850939269e+01 3.777984872032558883e+01 3.907625193389512930e+01 3.526837032895328150e+01
7.644674710678607710e+01 3.730163025281474631e+01 3.858370766905228066e+01 3.461332947892677225e+01
7.747676305506314520e+01 3.655203586910835156e+01 3.785787265875157459e+01 3.355729451526874385e+01
7.850677900334058279e+01 3.538308529335618857e+01 3.679841881251729774e+01 3.155955582331161224e+01
7.953679495161837565e+01 3.345151398542939347e+01 3.533495639242936193e+01 2.794681150333033059e+01
8.056681089989653799e+01 3.080632439965003400e+01 3.368636618165677277e+01 2.656586189926963115e+01
8.159682684817508402e+01 2.852311942680282897e+01 3.173148314792198832e+01 2.573759430601289111e+01
8.262684279645404217e+01 2.722987720802743183e+01 2.919610193641268836e+01 2.524409502597940502e+01
8.365685874473334138e+01 2.639224712234848980e+01 2.820485604337096674e+01 2.481352610474080223e+01
8.468687469301306692e+01 2.601121910052831865e+01 2.769408459840565584e+01 2.461676823743912479e+01
8.571689064129319036e+01 2.578583341548255348e+01 2.739626421236443221e+01 2.451117907880532343e+01
8.674690658957368328e+01 2.566744715571182311e+01 2.715719809758306980e+01 2.442642064351768028e+01
8.777692253785463095e+01 2.572997436520184777e+01 2.728346390807366006e+01 2.447118688961364441e+01
8.880693848613594810e+01 2.577089643157003351e+01 2.736610085795629388e+01 2.450048497134054060e+01
8.983695443441771999e+01 2.573899980072641824e+01 2.730168963637394342e+01 2.447764863436623273e+01
9.086697038269988980e+01 2.575668984638656411e+01 2.733741245162687861e+01 2.449031379156627253e+01
9.189698633098248592e+01 2.571275065781178526e+01 2.724868280411913091e+01 2.445885560648111223e+01
9.292700227926553680e+01 2.555830220801831842e+01 2.693679364656288300e+01 2.434827850942231464e+01
9.395701822754901400e+01 2.542508525958571042e+01 2.670523631389296781e+01 2.425290206856837116e+01
9.498703417583291753e+01 2.539343365639419048e+01 2.665526928277167329e+01 2.423024115871233519e+01
9.601705012411729001e+01 2.511045693200303219e+01 2.620854604070712313e+01 2.402764446861783654e+01
9.704706607240208882e+01 2.460655637573019661e+01 2.545575340031508915e+01 2.300889330227934337e+01
9.807708202068738501e+01 2.416354624463568257e+01 2.475662821275388126e+01 1.665980672108795346e+01
9.910709796897309332e+01 2.314794484991698909e+01 2.418258361762969244e+01 1.793956511605912851e+01
1.001371139172592990e+02 1.726130820497033014e+01 2.370657130425001213e+01 2.169979607444787817e+01
1.011671298655459736e+02 1.407518496241672601e+01 2.342255396216484797e+01 1.969917226486522921e+01
1.021971458138330746e+02 1.909464059012214321e+01 2.320087219643928478e+01 1.809683255806965363e+01
1.032271617621207014e+02 2.211215724480349465e+01 2.299506955523364127e+01 1.660926887556339793e+01
1.042571777104088255e+02 2.059872382123183954e+01 2.284946446966460698e+01 1.555681961635159816e+01
1.052871936586974186e+02 1.988714869160009968e+01 2.278100492858065351e+01 1.506198667134692037e+01
1.063172096069865233e+02 1.924880626714073628e+01 2.271959099263334281e+01 1.461808012000339296e+01
1.073472255552761396e+02 1.874030782878275403e+01 2.267066914547728729e+01 1.426446773347552366e+01
1.083772415035662249e+02 1.826989494750234755e+01 2.227522403993520683e+01 1.679832426905836940e+01
1.094072574518567933e+02 1.763140055087150770e+01 1.603244220807608400e+01 2.105022244649282825e+01
1.104372734001479159e+02 1.730026896369552958e+01 1.315889039101733893e+01 2.136086148174891264e+01
1.114672893484395928e+02 1.688881710734747799e+01 1.319980626360753284e+01 2.100935969833430761e+01
1.124973052967317528e+02 1.657938588355638387e+01 1.323057693174945904e+01 2.074501376009474285e+01
1.135273212450244102e+02 1.600706686232807030e+01 1.328748986528526999e+01 2.025608375883188828e+01
1.145573371933176787e+02 1.566092630909999883e+01 1.332191100728687339e+01 1.996037717762529695e+01
1.155873531416114304e+02 1.538389076386462406e+01 1.334946016254507128e+01 1.972370674652363576e+01
1.166173690899057362e+02 1.493784595777706414e+01 1.339381605053979918e+01 1.934265233540931206e+01
1.176473850382005963e+02 1.466875662366377675e+01 1.342057501332023683e+01 1.911277032277680377e+01
1.186774009864959964e+02 1.452270199756536506e+01 1.348874431846951083e+01 1.852713861514834193e+01
1.197074169347919650e+02 1.618142732095463998e+01 1.360641812016971741e+01 1.751622161545293821e+01
1.207374328830885162e+02 1.801121054595374815e+01 1.373622716410048028e+01 1.640105267106770626e+01
1.217674488313856074e+02 2.038620686785239400e+01 1.390471488312244119e+01 1.495360135277735480e+01
1.227974647796832528e+02 2.094104355824546460e+01 1.406300438310778844e+01 1.359376131959693268e+01
1.238274807279815235e+02 1.970858164556111447e+01 1.420631710659862357e+01 1.236258440208193399e+01
1.248574966762803342e+02 1.892296284653332350e+01 1.665763776988628919e+01 1.298485369554236257e+01
1.258875126245797702e+02 1.804151271218422181e+01 1.945330644261606068e+01 1.446511224236373572e+01
1.269175285728797604e+02 1.779945021870931754e+01 2.022104871580813779e+01 1.487161859010592835e+01
1.279475445211803759e+02 1.748143742975634751e+01 2.122968023897395184e+01 1.540567165845533637e+01
1.289775604694815740e+02 1.686335110204041854e+01 2.117631334573622226e+01 1.644365161174056311e+01
1.300075764177833832e+02 1.613631988713837373e+01 2.060483502662851052e+01 1.766458757592801732e+01
1.310375923660858177e+02 1.533265532897660322e+01 1.997311954947859292e+01 1.901421733334459319e+01
1.320676083143888491e+02 1.485319197668701108e+01 1.959624039350298474e+01 1.981940153771071778e+01
1.330976242626925341e+02 1.495212157763191030e+01 1.967400338482874744e+01 1.965326464394253136e+01
1.341276402109967876e+02 1.512789911042878721e+01 1.981217221021157116e+01 1.935807358874586370e+01
1.351576561593017232e+02 1.535635205674741144e+01 1.999174621347491154e+01 1.897442236089236189e+01
1.361876721076072556e+02 1.552392574861022290e+01 2.012346646122979976e+01 1.869300838188660663e+01
1.372176880559134702e+02 1.536531816205573620e+01 1.999879396422552347e+01 1.895936518012041816e+01
1.382477040042203100e+02 1.505784554749343940e+01 1.975710704715774924e+01 1.947571766324238851e+01
1.392777199525278036e+02 1.430734112028982707e+01 1.916717775698414528e+01 2.044042786448395432e+01
1.403077359008359508e+02 1.370219041809694005e+01 1.869150284921194327e+01 2.004240153401254076e+01
1.413377518491447233e+02 1.281742055555934456e+01 1.799603505707832696e+01 1.946046103485850765e+01
1.423677677974542348e+02 1.286219942773292857e+01 1.705030837610756222e+01 1.866911359503102119e+01
1.433977837457643147e+02 1.418522672354719383e+01 1.638175630708958863e+01 1.810969512999873743e+01
1.444277996940751336e+02 1.466314939720673394e+01 1.614025245201679226e+01 1.790761406232265784e+01
1.454578156423866346e+02 1.439852726868771171e+01 1.627397128917838742e+01 1.801950480366868845e+01
1.464878315906988178e+02 1.300945976170718943e+01 1.697589479350481056e+01 1.860684719262749098e+01
1.475178475390116830e+02 1.306244483124567068e+01 1.818863484968650823e+01 1.962162107809144374e+01
1.485478634873252304e+02 1.538440057813304129e+01 2.001379357750325738e+01 1.892731922721657867e+01
1.495778794356394883e+02 1.639857169049082941e+01 2.081097640913162650e+01 1.722417641912621988e+01
1.506078953839544283e+02 1.665667309270662599e+01 2.101385539489498200e+01 1.679073521617190679e+01
1.516379113322701073e+02 1.542927550729724828e+01 2.004906723365885313e+01 1.885195875605121785e+01
1.526679272805864400e+02 1.278126094434071902e+01 1.796761202184236339e+01 1.943667774036266138e+01
1.536979432289035685e+02 1.536868583548090683e+01 1.578373082387799720e+01 1.760929057907149442e+01
1.547279591772213507e+02 1.859622112436538544e+01 1.415279289686855080e+01 1.624458492042214175e+01
1.557579751255399287e+02 2.044941993867528041e+01 1.321633458982658915e+01 1.546099289674977051e+01
1.567879910738592173e+02 2.028354385294924001e+01 1.290203454429109797e+01 1.530900734972788868e+01
1.578180070221792164e+02 2.024432596540030360e+01 1.285682007010665906e+01 1.533838703762856603e+01
1.588480229704999545e+02 2.038340785559911694e+01 1.301716818998104586e+01 1.529433817103594073e+01
1.598780389188214883e+02 2.027751711020767544e+01 1.289508628620950681e+01 1.531352222372725791e+01
1.609080548671437327e+02 2.013653490182543493e+01 1.273254728118508794e+01 1.541913763395683112e+01
1.619380708154667161e+02 2.014046281919709358e+01 1.273707579431262005e+01 1.541619507397485833e+01
1.629680867637904953e+02 1.995434237985697479e+01 1.252249672527838875e+01 1.555562533810946135e+01
1.639981027121150419e+02 1.957295804049836718e+01 1.216620682303399015e+01 1.584133559842318739e+01
1.650281186604403842e+02 1.920154866994608867e+01 1.354198309218552332e+01 1.611957321070141447e+01
1.660581346087664372e+02 1.926010602086330081e+01 1.332507468824167773e+01 1.607570555739929929e+01
1.670881505570933427e+02 1.953523021220611966e+01 1.230595841512201361e+01 1.586959902334665351e+01
1.681181665054209589e+02 1.990993189630108162e+01 1.247129568443317282e+01 1.558889500733277167e+01
1.691481824537494276e+02 2.028657334944803026e+01 1.290552726406253825e+01 1.530673783274996858e+01
1.701781984020786069e+02 2.036190485710814713e+01 1.299237728891721666e+01 1.527359410567052400e+01
1.712082143504086389e+02 2.007963347393669906e+01 1.266694537595440551e+01 1.546176476909734276e+01
1.722382302987395235e+02 1.987659209289238404e+01 1.243285807917828301e+01 1.561387118733724577e+01
1.732682462470711471e+02 1.929311457332686430e+01 1.320280425900914878e+01 1.605097753072467626e+01
1.742982621954035949e+02 1.850560698214170685e+01 1.611989343777215566e+01 1.664093096000008032e+01
1.753282781437368953e+02 1.787260300293901594e+01 1.846466963868111222e+01 1.711513955488308270e+01
1.763582940920710200e+02 1.767128005145993797e+01 1.921041102551958701e+01 1.726595862881503152e+01
1.773883100404059405e+02 1.747381746046549367e+01 1.994185284760225230e+01 1.741388575233071023e+01
1.784183259887417137e+02 1.740561140572379628e+01 2.019450202386439841e+01 1.746498163552296035e+01
1.794483419370783679e+02 1.725671397496859072e+01 2.048627904973822567e+01 1.757652665536478409e+01
1.804783578854157611e+02 1.698331287801995160e+01 2.031619742743125556e+01 1.778134235049956402e+01
1.815083738337541490e+02 1.667818160243847103e+01 2.012637660027765563e+01 1.800992839134973877e+01
1.825383897820932191e+02 1.652460703964881716e+01 2.003083853888774613e+01 1.812497723783879877e+01
1.835684057304332555e+02 1.623246776391501811e+01 1.984909997781049640e+01 1.834383045204821627e+01
1.845984216787741445e+02 1.590981916199760171e+01 1.964838169883629604e+01 1.858553942258097536e+01
1.856284376271158862e+02 1.569029155462326663e+01 1.951181453791371823e+01 1.874999633225495899e+01
1.866584535754584806e+02 1.540684017991212151e+01 1.933548068192678215e+01 1.896234109237594367e+01
1.876884695238020129e+02 1.557154303496245618e+01 1.896050850182044556e+01 1.941389009974649582e+01
1.887184854721463978e+02 1.589410425866538823e+01 1.866608448570745082e+01 1.941062577569640624e+01
1.897485014204916354e+02 1.620824992664704567e+01 1.837934193137971306e+01 1.934053324377862282e+01
1.907785173688377824e+02 1.650422482849322847e+01 1.810918509643895291e+01 1.927449499347326167e+01
1.918085333171848390e+02 1.666918375064495095e+01 1.795861563927967808e+01 1.923768917472576945e+01
1.928385492655328051e+02 1.681271478318274148e+01 1.782760490416558596e+01 1.920566437061503606e+01
1.938685652138815954e+02 1.698301517573691299e+01 1.767215991624727423e+01 1.916766675703211931e+01
1.948985811622314372e+02 1.706857197820072969e+01 1.759406628460113708e+01 1.914857722781464133e+01
1.959285971105820749e+02 1.709706867264160834e+01 1.756805537378268411e+01 1.914221901355855593e+01
1.969586130589337358e+02 1.723464894012472470e+01 1.744247631494458517e+01 1.911152195078581784e+01
1.979886290072862494e+02 1.732501896404789221e+01 1.735998932201269085e+01 1.909135849022644393e+01
1.990186449556397292e+02 1.722366157048967139e+01 1.745250524978471773e+01 1.911397346495688865e+01
2.000486609039941186e+02 1.713613543889935542e+01 1.753239642480514604e+01 1.913350239308615386e+01
2.010786768523494743e+02 1.701767294044680767e+01 1.764052536898753942e+01 1.915993387790399183e+01
2.021086928007057111e+02 1.692871116519358310e+01 1.772172695561941325e+01 1.917978312844900657e+01
2.031387087490630279e+02 1.711891247010162331e+01 1.754811702378045268e+01 1.913734520109916915e+01
2.041687246974211973e+02 1.745067304606507719e+01 1.724529612038172033e+01 1.906332241126035143e+01
2.051987406457803615e+02 1.771149574518664593e+01 1.700722514059301105e+01 1.900512735964458599e+01
2.062287565941404353e+02 1.797157065760928063e+01 1.676983671762425843e+01 1.894709915503135633e+01
2.072587725425015321e+02 1.816435748195660338e+01 1.659386680274607428e+01 1.890408434369968660e+01
2.082887884908635954e+02 1.808958978926277794e+01 1.666211246509106658e+01 1.892076659470836830e+01
2.093188044392265965e+02 1.778668245141895810e+01 1.693859701550995922e+01 1.898835161786772119e+01
2.103488203875907061e+02 1.753415266866961630e+01 1.716909847495903207e+01 1.904469634473049311e+01
2.113788363359556683e+02 1.725917818066541543e+01 1.742008677466046507e+01 1.910604895927024316e+01
2.124088522843216822e+02 1.697027459895740975e+01 1.768378912492881838e+01 1.917050944873722784e+01
2.134388682326886908e+02 1.675725307177243550e+01 1.787822865746880296e+01 1.921803904954095543e+01
2.144688841810567226e+02 1.676755728716317861e+01 1.786882328492151828e+01 1.921573996150704033e+01
2.154989001294257207e+02 1.697908179263886552e+01 1.767575018799582054e+01 1.916854437785724485e+01
2.165289160777957136e+02 1.740548103604706753e+01 1.728654600445946699e+01 1.907340570295419369e+01
2.175589320261667865e+02 1.809606798372756842e+01 1.665619936738642437e+01 1.891932117273196567e+01
2.185889479745388542e+02 1.866566924115129567e+01 1.613628476677665802e+01 1.879223110469794022e+01
2.196189639229119450e+02 1.888494120345085392e+01 1.593614002829851373e+01 1.874330689983812803e+01
2.206489798712860591e+02 1.885760232930745417e+01 1.596109411617337770e+01 1.874940677993771132e+01
2.216789958196612247e+02 1.857945943784928389e+01 1.621497443760909007e+01 1.881146633219095676e+01
2.227090117680374419e+02 1.802528820982607627e+01 1.672080497946966204e+01 1.893511363485056975e+01
2.237390277164147108e+02 1.718076025300417697e+01 1.749166425980339312e+01 1.912354565477725643e+01
2.247690436647930312e+02 1.654809688412004576e+01 1.806914002634498218e+01 1.926470621147579365e+01
2.257990596131723748e+02 1.637715865816604577e+01 1.822516720907590226e+01 1.930284613915848624e+01
2.268290755615527985e+02 1.676480757966920621e+01 1.787133313379366939e+01 1.921635347931081483e+01
2.278590915099342737e+02 1.743510869113882578e+01 1.725950278736106114e+01 1.906679514749592386e+01
2.288891074583168859e+02 1.819704710769346434e+01 1.656402871252496922e+01 1.889679059793498084e+01
2.299191234067005212e+02 1.869859272722763421e+01 1.610623321599272728e+01 1.878488517975338468e+01
2.309491393550852081e+02 1.895323731934346156e+01 1.587380142325732457e+01 1.872806859426536619e+01
2.319791553034710034e+02 1.901593000592322014e+01 1.581657745705385487e+01 1.871408053209237465e+01
2.330091712518579072e+02 1.897891834666570077e+01 1.585036056723835962e+01 1.872233861479810102e+01
2.340391872002459195e+02 1.878637833224329157e+01 1.602610520156833118e+01 1.876529835762396914e+01
2.350692031486349549e+02 1.865779642604254107e+01 1.614347083153616325e+01 1.879398769598833852e+01
2.360992190970251841e+02 1.872250096634957117e+01 1.608441050680387008e+01 1.877955074676718539e+01
2.371292350454164932e+02 1.896684745822269491e+01 1.586137850489572365e+01 1.872503188489443460e+01
2.381592509938089393e+02 1.907752219917563252e+01 1.576035798748957539e+01 1.870033801321834943e+01
2.391892669422024085e+02 1.937214595273052353e+01 1.549143443937021125e+01 1.863460123262715840e+01
2.402192828905971282e+02 1.933020814818397071e+01 1.543374535431588512e+01 1.855962033598534333e+01
2.412492988389928996e+02 1.918383433624661905e+01 1.594830576793743049e+01 1.850459927201418253e+01
2.422793147873898647e+02 1.911298077395734296e+01 1.619738337161242114e+01 1.847796583033698070e+01
2.433093307357878814e+02 1.900682432369152153e+01 1.657056424484644097e+01 1.843806223854198123e+01
2.443393466841870350e+02 1.890730403849023133e+01 1.692041643793428563e+01 1.822133077980658200e+01
2.453693626325874959e+02 1.878997708881015782e+01 1.733286592570311413e+01 1.773092054966539166e+01
2.463993785809889800e+02 1.865893501932590581e+01 1.779352935028139626e+01 1.718318303812874603e+01
2.474293945293916579e+02 1.863287202596029601e+01 1.788515082593281846e+01 1.707424337329087294e+01
2.484594104777954726e+02 1.870460288522491865e+01 1.763298918496640155e+01 1.737406832651867816e+01
2.494894264262005379e+02 1.878399262328599661e+01 1.735390363056752250e+01 1.770590632128070752e+01
2.505194423746067116e+02 1.890102054103016727e+01 1.694250535540691871e+01 1.819506663977837135e+01
2.515494583230139938e+02 1.901975338335705956e+01 1.652511361265218781e+01 1.844292219681954847e+01
2.525794742714225833e+02 1.915986815452159320e+01 1.603255614181330202e+01 1.849559052379355251e+01
2.536094902198323098e+02 1.924489078320352675e+01 1.573366880395746747e+01 1.852755003505986409e+01
2.546395061682432299e+02 1.931028132680554421e+01 1.550379581836362064e+01 1.855212995980880564e+01
2.556695221166553438e+02 1.932273861602433485e+01 1.546000364127823268e+01 1.855681258232127462e+01
2.566995380650685661e+02 1.925887612538034332e+01 1.568450493126812795e+01 1.853280704378556720e+01
2.577295540134831526e+02 1.926714747480125212e+01 1.565542794732613174e+01 1.853591619589134609e+01
2.587595699618988760e+02 1.923962091582470890e+01 1.575219442068004838e+01 1.852556912258425470e+01
2.597895859103158500e+02 1.920912312520815490e+01 1.585940591942078015e+01 1.851410518059707044e+01
2.608196018587340177e+02 1.922946401877966949e+01 1.578789983188328172e+01 1.852175120410097620e+01
2.618496178071533791e+02 1.918777419101477477e+01 1.593445565860244351e+01 1.850608024049048694e+01
2.628796337555741047e+02 1.916772935285373691e+01 1.600492099716679206e+01 1.849854550249225937e+01
2.639096497039959104e+02 1.913366981464233163e+01 1.612465341267102303e+01 1.848574272031452992e+01
2.649396656524190234e+02 1.909981149839157055e+01 1.624367845536086463e+01 1.847301557630063584e+01
2.659696816008433871e+02 1.905082775893998459e+01 1.641587519533322492e+01 1.845460287373970232e+01
2.669996975492688875e+02 1.892658674069928537e+01 1.685263030124010442e+01 1.830192977648955832e+01
2.680297134976958660e+02 1.885717298194287750e+01 1.709664644008337575e+01 1.801178997911547341e+01
2.690597294461239244e+02 1.879258983454544918e+01 1.732368111655969045e+01 1.774184146119372940e+01
2.700897453945532902e+02 1.871277002451413907e+01 1.760427853983702562e+01 1.740820582578328768e+01
2.711197613429839066e+02 1.864115186824391657e+01 1.785604398630221468e+01 1.710885195529965230e+01
2.721497772914158872e+02 1.854703554901906770e+01 1.818689915436739568e+01 1.671545891220976188e+01
2.731797932398490616e+02 1.848955926120018844e+01 1.838895047790722614e+01 1.647521607274468636e+01
2.742098091882836002e+02 1.841242609420110909e+01 1.866010331453604110e+01 1.634735677192039205e+01
2.752398251367193325e+02 1.833642129128840281e+01 1.892728951612736665e+01 1.641521912059812038e+01
2.762698410851564290e+02 1.831752879279467194e+01 1.899370393623852493e+01 1.643208765088886736e+01
2.772998570335947193e+02 1.831812567608547226e+01 1.899160566121970106e+01 1.643155471217383834e+01
2.783298729820344306e+02 1.839621513522529028e+01 1.871709108882019379e+01 1.636183103812802742e+01
2.793598889304753925e+02 1.852452204089129140e+01 1.826604282017053293e+01 1.662135559892722014e+01
2.803899048789176618e+02 1.861098362417736496e+01 1.796209700179491620e+01 1.698275291704822720e+01
2.814199208273614090e+02 1.870824646042450823e+01 1.762018061260671331e+01 1.738929796094657831e+01
2.824499367758062363e+02 1.885905988257734123e+01 1.709001325646888958e+01 1.801967695970198591e+01
2.834799527242524846e+02 1.896028665346450381e+01 1.673416210790712100e+01 1.842056899916576285e+01
2.845099686727000972e+02 1.898343771754079157e+01 1.665277718700357568e+01 1.842927134940643441e+01
2.855399846211490171e+02 1.901783513261483805e+01 1.653185700398894298e+01 1.844220113753029722e+01
2.865700005695993582e+02 1.903628895900121520e+01 1.646698468555579709e+01 1.844913782346255715e+01
2.876000165180508930e+02 1.899663053305441096e+01 1.660639935125774258e+01 1.843423045197216936e+01
2.886300324665038488e+02 1.888004937094698832e+01 1.701622710801623839e+01 1.810741008367710236e+01
2.896600484149582826e+02 1.880831988392768750e+01 1.726838392501100827e+01 1.780759086624269116e+01
2.906900643634139669e+02 1.872521626505385939e+01 1.756052520312066889e+01 1.746022936942880932e+01
2.917200803118710155e+02 1.868074451625340515e+01 1.771686055542419069e+01 1.727434368311818602e+01
2.927500962603294283e+02 1.868363503123357816e+01 1.770669928023370687e+01 1.728642563121720954e+01
2.937801122087891486e+02 1.865153425618717975e+01 1.781954588760713065e+01 1.715224888392138070e+01
2.948101281572504604e+02 1.865096970757619843e+01 1.782153049375306608e+01 1.714988914973421430e+01
2.958401441057130228e+02 1.871794174503641273e+01 1.758609794717599684e+01 1.742982289380107375e+01
2.968701600541769494e+02 1.874740829690399124e+01 1.748251165044506195e+01 1.755298895686032168e+01
2.979001760026422971e+02 1.873493715097997736e+01 1.752635253919461888e+01 1.750086131219389074e+01
2.989301919511090659e+02 1.863403262443064889e+01 1.788107087460101852e+01 1.707909451247500954e+01
2.999602078995772558e+02 1.849346920708070385e+01 1.837520550984984880e+01 1.649155909934114561e+01
3.009902238480468100e+02 1.832446522605081540e+01 1.896931969756837333e+01 1.642589432317576126e+01
3.020202397965177852e+02 1.810358630528482493e+01 1.941049708174855581e+01 1.662311031166793995e+01
3.030502557449901815e+02 1.788770972285346872e+01 1.924339917990642590e+01 1.681585986626042128e+01
3.040802716934639989e+02 1.768955800300540915e+01 1.909002109572469408e+01 1.699278343672037650e+01
3.051102876419393510e+02 1.761307407658146928e+01 1.903081919672227684e+01 1.706107358003124475e+01
3.061403035904160106e+02 1.765090891303442078e+01 1.906010501233333088e+01 1.702729201932535119e+01
3.071703195388941481e+02 1.780684415332388326e+01 1.918080569779976940e+01 1.688806224380941501e+01
3.082003354873737635e+02 1.806915314880245660e+01 1.938384431498152694e+01 1.665385461705039560e+01
3.092303514358547432e+02 1.835881994474467760e+01 1.884854960880050712e+01 1.639522005247992098e+01
3.102603673843372576e+02 1.854265190302206889e+01 1.820230936106714026e+01 1.669713588541918980e+01
3.112903833328211363e+02 1.864184323999976911e+01 1.785361354787917065e+01 1.711174179248392946e+01
3.123203992813065497e+02 1.862377954245783229e+01 1.791711441292934737e+01 1.703623806471381030e+01
3.133504152297934411e+02 1.849135277477012451e+01 1.838264558584923947e+01 1.648271270847067171e+01
3.143804311782818104e+02 1.826000638281690414e+01 1.919591739695878019e+01 1.648344763990400708e+01
3.154104471267716008e+02 1.800680860349755363e+01 1.933558691441302102e+01 1.670952014224746662e+01
3.164404630752628691e+02 1.781282022226932327e+01 1.918543143613043966e+01 1.688272639582407919e+01
3.174704790237557290e+02 1.773122396426030178e+01 1.912227236923251894e+01 1.695558118262177416e+01
3.185004949722500669e+02 1.772125972013648720e+01 1.911455960915553831e+01 1.696447794944606713e+01
3.195305109207458258e+02 1.765089925715386343e+01 1.906009753826011988e+01 1.702730064076383698e+01
3.205605268692430627e+02 1.758728716703941330e+01 1.901085900265703899e+01 1.708409791769940611e+01
3.215905428177419481e+02 1.760773259774514798e+01 1.902668465884776339e+01 1.706584282204430281e+01
3.226205587662421976e+02 1.767573467727022063e+01 1.907932123795960067e+01 1.700512585871184612e+01
3.236505747147440388e+02 1.772783493550827671e+01 1.911964911298412062e+01 1.695860714206164133e+01
3.246805906632473580e+02 1.781689960490411551e+01 1.918858905643092783e+01 1.687908404065515811e+01
3.257106066117522687e+02 1.794163625794231720e+01 1.928514067296451273e+01 1.676771052323292466e+01
3.267406225602586005e+02 1.805379998153414078e+01 1.937196029306366896e+01 1.666756298744991227e+01
3.277706385087665240e+02 1.815670171533417943e+01 1.945161072860533835e+01 1.657568519721734646e+01
3.288006544572760959e+02 1.821004927318317712e+01 1.937153590860531338e+01 1.652805280514322916e+01
3.298306704057870888e+02 1.813028725321627377e+01 1.943116478144201409e+01 1.659926985726098181e+01
3.308606863542996166e+02 1.798769970452720557e+01 1.932079579215002951e+01 1.672658188986179795e+01
3.318907023028138497e+02 1.786931905397834797e+01 1.922916399910128860e+01 1.683228032833376631e+01
3.329207182513294470e+02 1.776007262374011120e+01 1.914460249145208337e+01 1.692982310269158219e+01
3.339507341998467496e+02 1.772709676884944940e+01 1.911907773975544345e+01 1.695926622834650743e+01
3.349807501483655301e+02 1.782756763878890993e+01 1.919684658051646409e+01 1.686955888161978123e+01
3.360107660968859022e+02 1.806760947127960293e+01 1.938264944116851751e+01 1.665523291918772131e+01
3.370407820454079797e+02 1.836882114891328044e+01 1.881339151811751620e+01 1.638629028516947628e+01
3.380707979939314782e+02 1.863210379078584822e+01 1.788785146892276856e+01 1.707103225777368394e+01
3.391008139424566252e+02 1.882092433203514403e+01 1.722407442766444063e+01 1.786027569538072513e+01
3.401308298909832502e+02 1.867082321196603090e+01 1.775173776720277274e+01 1.723287401965092513e+01
3.411608458395116941e+02 1.869394162548109861e+01 1.767046762561707141e+01 1.732950575279781802e+01
3.421908617880417296e+02 1.940078927762745664e+01 1.529323020152803281e+01 1.858615137174144039e+01
3.432208777365732431e+02 1.844659318929083369e+01 1.633625068419994619e+01 1.884111159780201561e+01
3.442508936851063481e+02 1.583119125889387924e+01 1.872350954705178339e+01 1.942466299439453437e+01
3.452809096336411017e+02 1.837992381971903555e+01 1.658544957609982262e+01 1.673508524308685708e+01
3.463109255821776742e+02 1.986894069243962235e+01 1.350966232563418323e+01 1.570643817965483002e+01
3.473409415307156110e+02 1.692477823870064668e+01 1.499740630960149801e+01 1.695132469551667143e+01
3.483709574792552530e+02 1.674923194077019772e+01 1.508611335371249318e+01 1.702555131264017518e+01
3.494009734277965435e+02 1.924236116422876108e+01 1.382628545299895784e+01 1.597137614352097934e+01
3.504309893763395962e+02 1.871714560708969444e+01 1.533631110709580092e+01 1.648245891654402229e+01
3.514610053248842405e+02 1.575029784577497516e+01 1.954914418823923938e+01 1.870504321987953134e+01
3.524910212734304196e+02 1.704208565698207067e+01 1.761824218825048050e+01 1.915448688535450827e+01
3.535210372219783608e+02 1.942323174338763536e+01 1.532774112447705406e+01 1.859458736399933088e+01
3.545510531705277799e+02 1.893960980111653924e+01 1.680684922014217264e+01 1.835636434649909532e+01
3.555810691190791317e+02 1.884446641980498427e+01 1.714131490763807619e+01 1.795867832762075267e+01
3.566110850676320183e+02 1.874748600575488311e+01 1.748223847385746410e+01 1.755331376898196893e+01
3.576411010161866102e+02 1.886406150648147317e+01 1.707243061903651693e+01 1.804058304766040166e+01
3.586711169647429642e+02 1.875202355938232301e+01 1.746628722246582655e+01 1.757228010812892904e+01
3.597011329133009099e+02 1.852676323102379286e+01 1.825816417230093691e+01 1.663072346003387736e+01
3.607311488618604471e+02 1.825279266480584184e+01 1.922127639850687686e+01 1.648988854663843995e+01
3.617611648104218602e+02 1.793722679703727962e+01 1.928172755766878410e+01 1.677164759512773884e+01
3.627911807589848650e+02 1.760098583931596394e+01 1.902146237320170030e+01 1.707186679494363801e+01
3.638211967075496318e+02 1.733922156105548851e+01 1.881884539093381292e+01 1.730558806046799347e+01
3.648512126561161608e+02 1.716723692958120040e+01 1.868572177583497052e+01 1.718698920962518173e+01
3.658812286046843383e+02 1.712491925436817297e+01 1.865296604726407637e+01 1.711467905280380819e+01
3.669112445532541642e+02 1.722286152641652990e+01 1.872877764283691349e+01 1.728203751509187924e+01
3.679412605018257523e+02 1.737619478488786129e+01 1.884746428075107261e+01 1.727257580714586993e+01
3.689712764503990456e+02 1.756516447810750847e+01 1.899373507535564798e+01 1.710385058558949112e+01
3.700012923989741580e+02 1.771644922577944925e+01 1.911083607645536375e+01 1.696877309176417015e+01
3.710313083475510894e+02 1.780283752931310559e+01 1.917770439585154563e+01 1.689163963504286414e+01
3.720613242961295555e+02 1.783710453071891777e+01 1.920422855133354645e+01 1.686104368441310797e+01
3.730913402447098974e+02 1.780696720497710928e+01 1.918090094515286737e+01 1.688795237477645017e+01
3.741213561932919447e+02 1.775841640162320445e+01 1.914332050320860290e+01 1.693130189243220585e+01
3.751513721418757541e+02 1.767687816803004708e+01 1.908020634974241148e+01 1.700410487101529000e+01
3.761813880904613256e+02 1.764079195330648986e+01 1.905227404370987188e+01 1.703632514121113672e+01
3.772114040390486593e+02 1.767361376461639466e+01 1.907767955894813383e+01 1.700701955632716889e+01
3.782414199876377552e+02 1.772527292523713527e+01 1.911766600515471382e+01 1.696089468216007390e+01
3.792714359362287837e+02 1.776370420289469010e+01 1.914741349230391165e+01 1.692658057746430345e+01
3.803014518848214607e+02 1.780140057252454611e+01 1.917659212854722384e+01 1.689292264952199218e+01
3.813314678334158998e+02 1.781765157635769370e+01 1.918917111517357910e+01 1.687841262849404345e+01
3.823614837820121579e+02 1.779793732575110710e+01 1.917391142430924944e+01 1.689601487594834239e+01
3.833914997306102350e+02 1.777656344959199686e+01 1.915736711079364696e+01 1.691509895196614366e+01
3.844215156792101880e+02 1.773612081587284095e+01 1.912606274621955293e+01 1.695120893456878264e+01
3.854515316278117893e+02 1.768144146776863579e+01 1.908373854301324712e+01 1.700003044116199646e+01
3.864815475764152666e+02 1.762388348469363208e+01 1.903918615063341946e+01 1.705142219230052802e+01
3.875115635250205628e+02 1.761394573258331775e+01 1.903149389653175305e+01 1.706029530522152982e+01
3.885415794736277917e+02 1.761392016532131777e+01 1.903147410635447301e+01 1.706031813344267078e+01
3.895715954222366122e+02 1.757685492233046887e+01 1.900278398969020799e+01 1.709341254783854325e+01
3.906016113708474791e+02 1.751027784440428903e+01 1.895125042404381688e+01 1.715285717111267871e+01
3.916316273194601649e+02 1.744427034234467300e+01 1.890015773499075991e+01 1.721179323763021785e+01
3.926616432680745561e+02 1.737870617687351071e+01 1.884940820781707771e+01 1.727033346255624835e+01
3.936916592166908799e+02 1.732239308156587398e+01 1.880581941293176484e+01 1.732061369173174725e+01
3.947216751653090228e+02 1.727671028089834593e+01 1.877045893030858537e+01 1.736140245808162419e+01
3.957516911139290983e+02 1.729123339873660470e+01 1.878170045772043650e+01 1.734843521326474658e+01
3.967817070625508791e+02 1.730695288204556803e+01 1.879386802425028691e+01 1.733439977054974079e+01
3.978117230111747062e+02 1.740033123581482855e+01 1.886614694777492218e+01 1.725102511316499232e+01
3.988417389598002956e+02 1.752824910087304389e+01 1.896516096133125373e+01 1.713681118946517756e+01
3.998717549084277607e+02 1.759226655358168756e+01 1.901471326528387706e+01 1.707965197674853286e+01
4.009017708570571585e+02 1.757675384093005633e+01 1.900270574827219860e+01 1.709350280030913538e+01
4.019317868056883185e+02 1.750355997184938772e+01 1.894605049732585300e+01 1.715885535270414053e+01
4.029618027543215817e+02 1.744934254545204055e+01 1.890408384169215594e+01 1.720726442362576947e+01
4.039918187029565502e+02 1.733781417029718597e+01 1.881775600902802736e+01 1.730684467634890567e+01
4.050218346515934513e+02 1.714743182992627624e+01 1.867039176383996946e+01 1.715314732547863130e+01
4.060518506002322852e+02 1.694729986139510203e+01 1.851548088070271447e+01 1.681117263153315733e+01
4.070818665488731654e+02 1.681519960297008609e+01 1.841322951204098146e+01 1.658544684780872203e+01
4.081118824975158077e+02 1.676325883991207988e+01 1.837302509325076016e+01 1.649669327844936362e+01
4.091418984461602122e+02 1.678782461463720210e+01 1.839204007564237386e+01 1.653866994691873415e+01
4.101719143948068336e+02 1.684565652685384407e+01 1.843680450113994951e+01 1.663748999363949821e+01
4.112019303434552739e+02 1.693412188988330769e+01 1.850528055528827664e+01 1.678865482586900981e+01
4.122319462921057038e+02 1.703404914328967479e+01 1.858262861311368397e+01 1.695940511704566234e+01
4.132619622407579527e+02 1.711315595629042008e+01 1.864386074086447920e+01 1.709457856466364234e+01
4.142919781894121911e+02 1.711394144894216396e+01 1.864446874647833852e+01 1.709592077206382754e+01
4.153219941380683622e+02 1.705381834337162417e+01 1.859793083727151242e+01 1.699318565794170510e+01
4.163520100867264659e+02 1.694882327740304717e+01 1.851666007121838931e+01 1.681377576249164818e+01
4.173820260353866729e+02 1.684861001397971947e+01 1.843909062915018637e+01 1.664253675285220879e+01
4.184120419840486420e+02 1.681612236616617650e+01 1.841394377105058311e+01 1.658702361569784500e+01
4.194420579327126575e+02 1.686173896501319547e+01 1.844925301057374867e+01 1.666497079497176870e+01
4.204720738813786625e+02 1.691794212686053100e+01 1.849275671216013706e+01 1.676100772106894254e+01
4.215020898300467138e+02 1.695733205651121622e+01 1.852324623781506219e+01 1.682831510447045531e+01
4.225321057787167547e+02 1.701776185074593783e+01 1.857002153744064898e+01 1.693157427161040474e+01
4.235621217273885577e+02 1.707296519635505305e+01 1.861275133759802358e+01 1.702590276574352757e+01
4.245921376760625208e+02 1.709276577997696833e+01 1.862807785398626592e+01 1.705973693313688599e+01
4.256221536247384165e+02 1.710411671266352940e+01 1.863686397156563856e+01 1.707913279357823555e+01
4.266521695734163586e+02 1.708252921004618941e+01 1.862015430184259301e+01 1.704224523555942739e+01
4.276821855220963471e+02 1.707705518940675304e+01 1.861591717082454167e+01 1.703289152487261759e+01
4.287122014707782114e+02 1.709841093765332687e+01 1.863244745254421986e+01 1.706938307354522166e+01
4.297422174194622926e+02 1.712339445315650721e+01 1.865178578454022684e+01 1.711207355488404147e+01
4.307722333681481928e+02 1.708506379711048950e+01 1.862211618291237158e+01 1.704657620098166149e+01
4.318022493168363098e+02 1.707469575877691881e+01 1.861409086848388483e+01 1.702885985730123863e+01
4.328322652655263028e+02 1.710168294346203766e+01 1.863498012792425840e+01 1.707497410027240292e+01
4.338622812142182852e+02 1.718270939390204077e+01 1.869769813888102661e+01 1.721342772062137882e+01
4.348922971629124845e+02 1.723178215677906167e+01 1.873568260028945076e+01 1.729728060624026753e+01
4.359223131116086165e+02 1.725215451382410237e+01 1.875145169427577230e+01 1.733209178916400717e+01
4.369523290603069086e+02 1.722072443073995274e+01 1.872712343745914509e+01 1.727838576147503247e+01
4.379823450090070764e+02 1.717040672321022754e+01 1.868817533452446966e+01 1.719240558170262645e+01
4.390123609577094044e+02 1.711677972567664341e+01 1.864666569661455497e+01 1.710077066598497808e+01
4.400423769064137787e+02 1.709137953907824681e+01 1.862700484299537962e+01 1.705736819959294692e+01
4.410723928551203130e+02 1.705378663133636152e+01 1.859790629077139457e+01 1.699313147012935943e+01
4.421024088038287800e+02 1.710822396713382432e+01 1.864004316588393451e+01 1.708615104808671603e+01
4.431324247525394071e+02 1.718341103637887457e+01 1.869824124079788419e+01 1.721462664937342169e+01
4.441624407012520805e+02 1.733472606565505103e+01 1.881536568118163189e+01 1.730960194991514101e+01
4.451924566499668572e+02 1.745560398005217451e+01 1.890893046550109347e+01 1.720167378143247205e+01
4.462224725986837370e+02 1.752562930142410025e+01 1.896313312215464819e+01 1.713915032774139746e+01
4.472524885474027201e+02 1.755891475007545210e+01 1.898889751294160888e+01 1.710943077534854240e+01
4.482825044961238063e+02 1.756708789203673504e+01 1.899522388172977116e+01 1.710213322850527007e+01
4.493125204448468821e+02 1.752105746792265606e+01 1.895959432337870609e+01 1.714323237712883241e+01
4.503425363935721748e+02 1.742021993898845267e+01 1.888154167254424820e+01 1.723326710238419324e+01
4.513725523422996275e+02 1.727656189790323182e+01 1.877034407539068184e+01 1.736153494468991809e+01
4.524025682910292403e+02 1.712233991727738669e+01 1.865096952771962435e+01 1.711027162095432530e+01
4.534325842397607857e+02 1.694340789846794593e+01 1.851246833144030646e+01 1.680452225558057933e+01
4.544626001884946618e+02 1.674834367051061790e+01 1.836148010080862036e+01 1.647120704289866566e+01
4.554926161372304705e+02 1.657875540472137388e+01 1.823021137739607411e+01 1.618142377780782581e+01
4.565226320859686666e+02 1.644442663488194611e+01 1.812623504358348825e+01 1.595189003419326923e+01
4.575526480347087954e+02 1.635907268915794432e+01 1.806016736230099795e+01 1.580604182373379452e+01
4.585826639834510843e+02 1.632708323328618505e+01 1.802313856922305035e+01 1.572429863097966418e+01
4.596126799321957037e+02 1.650503214116952932e+01 1.800460758729519029e+01 1.568339042140168260e+01
4.606426958809423127e+02 1.662817236639893892e+01 1.799178419143701291e+01 1.565508203670248122e+01
4.616727118296911385e+02 1.661852854997951567e+01 1.799278846502267015e+01 1.565729902846663357e+01
4.627027277784421244e+02 1.661814799498251105e+01 1.799282809469983846e+01 1.565738651326077147e+01
4.637327437271954409e+02 1.648476291641889802e+01 1.800671835404286725e+01 1.568805006053037943e+01
4.647627596759508037e+02 1.658423910969750636e+01 1.799635924837695100e+01 1.566518173831887673e+01
4.657927756247083266e+02 1.693531587745900069e+01 1.795979933173534349e+01 1.558447361729482239e+01
4.668227915734680664e+02 1.695992750980992270e+01 1.795723636172482429e+01 1.557881571342655036e+01
4.678528075222299663e+02 1.681397378372971119e+01 1.797243547641716432e+01 1.561236863424071331e+01
4.688828234709941398e+02 1.637062357324763440e+01 1.801860442926930972e+01 1.571428925596620552e+01
4.699128394197605303e+02 1.637440228296848588e+01 1.807203313733311845e+01 1.583223620532181819e+01
4.709428553685290240e+02 1.645817584175737736e+01 1.813687753011446091e+01 1.597538393598081008e+01
4.719728713172997914e+02 1.645433971075277313e+01 1.813390819719820612e+01 1.596882896260068208e+01
4.730028872660727757e+02 1.641778046956000736e+01 1.810560974802207568e+01 1.590635850668335571e+01
4.740329032148479769e+02 1.636211651761271568e+01 1.806252341844488640e+01 1.581124295332783802e+01
4.750629191636253381e+02 1.631939002855326848e+01 1.802945125010451122e+01 1.573823423749544759e+01
4.760929351124051436e+02 1.681764614448954731e+01 1.797205304950776394e+01 1.561152440481893144e+01
4.771229510611868818e+02 1.713067071747467907e+01 1.793945575641976475e+01 1.553956400344839572e+01
4.781529670099711211e+02 1.713498373427637489e+01 1.793900661381271888e+01 1.553857249528273243e+01
4.791829829587574636e+02 1.704624142674888887e+01 1.794824792985443906e+01 1.555897323253899955e+01
4.802129989075460799e+02 1.728149940512382443e+01 1.792374898014180928e+01 1.550489039045399409e+01
4.812430148563370835e+02 1.757103232004040549e+01 1.789359802682796996e+01 1.543833042498966002e+01
4.822730308051301904e+02 1.840903362852977665e+01 1.779428989486852331e+01 1.521910200575045913e+01
4.833030467539256279e+02 1.836095416302559968e+01 1.773730703505673745e+01 1.509330906177113718e+01
4.843330627027233959e+02 1.828877980496663724e+01 1.765176737099950088e+01 1.490447532818345699e+01
4.853630786515232671e+02 1.826869544474000762e+01 1.762796377270234771e+01 1.485192751438488301e+01
4.863930946003256963e+02 1.826260654833206942e+01 1.762074732953303169e+01 1.483599680058205905e+01
4.874231105491302856e+02 1.830025571656296535e+01 1.766536840118667939e+01 1.493450038543836911e+01
4.884531264979369780e+02 1.834226997864172048e+01 1.771516289829732926e+01 1.504442460486518485e+01
4.894831424467461716e+02 1.840074449565558012e+01 1.778446577366462478e+01 1.519741469254206834e+01
4.905131583955574683e+02 1.782536513189445770e+01 1.786711269013110837e+01 1.537986251926526116e+01
4.915431743443714367e+02 1.671977425815710561e+01 1.798224508821396128e+01 1.563402391709750283e+01
4.925731902931873947e+02 1.641144233702419797e+01 1.810070375666162334e+01 1.589552824827922883e+01
4.936032062420057400e+02 1.653237294486319087e+01 1.819430932800614187e+01 1.610216793662036139e+01
4.946332221908265296e+02 1.658048322292112076e+01 1.823154878413417634e+01 1.618437618018705848e+01
4.956632381396494225e+02 1.661440936286902215e+01 1.825780909796279161e+01 1.624234733497349126e+01
4.966932540884749301e+02 1.655872341065192543e+01 1.821470573921605762e+01 1.614719418874570067e+01
4.977232700373025409e+02 1.643999018272827328e+01 1.812280103588263813e+01 1.594430926447121522e+01
4.987532859861325392e+02 1.655226235083087616e+01 1.799968919711177051e+01 1.567253279188195059e+01
4.997833019349648680e+02 1.734029679816420000e+01 1.791762602361009371e+01 1.549137361136416935e+01
5.008133178837995274e+02 1.809527794024716840e+01 1.783900490664889205e+01 1.531781296884535770e+01
5.018433338326367448e+02 1.837046861053880065e+01 1.774858337565549959e+01 1.511820223290920850e+01
5.028733497814760653e+02 1.830944113326236788e+01 1.767625478077943058e+01 1.495853269520259765e+01
5.039033657303178870e+02 1.828562346910447900e+01 1.764802654230961920e+01 1.489621723346204973e+01
5.049333816791620393e+02 1.828753069344627491e+01 1.765028694799754660e+01 1.490120720916722341e+01
5.059633976280086358e+02 1.827528723198788185e+01 1.763577623244406567e+01 1.486917396908857292e+01
5.069934135768575061e+02 1.824354841353210688e+01 1.759815999391704011e+01 1.478613395668181063e+01
5.080234295257088206e+02 1.824317696453235627e+01 1.759771975969109548e+01 1.478516211428035199e+01
5.090534454745625226e+02 1.824630779007326709e+01 1.760143035403780942e+01 1.479335346494839065e+01
5.100834614234186120e+02 1.824166316851071556e+01 1.759592563769784235e+01 1.478120148667873579e+01
5.111134773722770319e+02 1.820586995541287223e+01 1.755350420844983361e+01 1.468755373908333794e+01
5.121434933211379530e+02 1.813679513015166833e+01 1.747163805118067259e+01 1.450682948324259414e+01
5.131735092700013183e+02 1.804996369242459764e+01 1.736872709758807787e+01 1.427964762780586661e+01
5.142035252188668437e+02 1.805932023043133938e+01 1.737981628687026259e+01 1.430412765163684163e+01
5.152335411677350976e+02 1.823743587199910365e+01 1.759091552699927163e+01 1.477014137884074785e+01
5.162635571166056252e+02 1.718796812078062075e+01 1.793348900361523235e+01 1.552639205308020109e+01
5.172935730654785402e+02 1.654613028751230530e+01 1.820495811198122382e+01 1.612567574037837304e+01
5.183235890143539564e+02 1.696436915809104917e+01 1.852869326173862419e+01 1.684033972340909102e+01
5.193536049632317599e+02 1.755739330655375596e+01 1.898771984921642186e+01 1.711078922543072878e+01
5.203836209121120646e+02 1.861701376709905276e+01 1.794089872325785251e+01 1.700795807056216447e+01
5.214136368609947567e+02 1.729912075353608714e+01 1.738362841620228849e+01 1.909713692784926664e+01
