6.405662624535070293e+00 1.534750852094966831e+02 1.554698738815282866e+02 1.461263082498186066e+02
7.435678572798728680e+00 1.453247987973941520e+02 1.476127653249341165e+02 1.383563052475785184e+02
8.465694521062419042e+00 1.360293548950619140e+02 1.386516922865801291e+02 1.294945765455017295e+02
9.495710469326153813e+00 1.243236424918091387e+02 1.273670516697725219e+02 1.183350398227708382e+02
1.052572641758992944e+01 1.132764073069946846e+02 1.167172018720497277e+02 1.078032564948869521e+02
1.155574236585375836e+01 1.085848919472049090e+02 1.121944472579222918e+02 1.033314169895505898e+02
1.258575831411763701e+01 1.120955529229630940e+02 1.155788245665492724e+02 1.066774994790955446e+02
1.361577426238157962e+01 1.197373891075583714e+02 1.229457726022545216e+02 1.139627759828465798e+02
1.464579021064558262e+01 1.257987289989889916e+02 1.287890771338187221e+02 1.197413004140958463e+02
1.567580615890965490e+01 1.312956647224418134e+02 1.340882799500111844e+02 1.249817551557753603e+02
1.670582210717380534e+01 1.320069794372091110e+02 1.347740076225418306e+02 1.256598807074213084e+02
1.773583805543802683e+01 1.289444439387392549e+02 1.318216360550630100e+02 1.227402397507252942e+02
1.876585400370233359e+01 1.230093397650928750e+02 1.261000263558273531e+02 1.170820610173544623e+02
1.979586995196673271e+01 1.148896251202113206e+02 1.182723898547754260e+02 1.093412033372638348e+02
2.082588590023122421e+01 1.082342823647522749e+02 1.118564496206586512e+02 1.029979049608505051e+02
2.185590184849580808e+01 1.025154449911863992e+02 1.063454346581737013e+02 9.771371357596181895e+01
2.288591779676049498e+01 1.040385166257791809e+02 1.078116117803347720e+02 9.910120788863778785e+01
2.391593374502529912e+01 1.138218524980136976e+02 1.172430265929018418e+02 1.083232518125339254e+02
2.494594969329020628e+01 1.288128315938858748e+02 1.316947580008923921e+02 1.226147682932898704e+02
2.597596564155523069e+01 1.488518189924940316e+02 1.510129133875898333e+02 1.417187585552553060e+02
2.700598158982038655e+01 1.692685262237087045e+02 1.706952014659140673e+02 1.611828446574111240e+02
2.803599753808566319e+01 1.871701443300354128e+02 1.879528718946781396e+02 1.782491929301009463e+02
2.906601348635107129e+01 2.012013370255087068e+02 2.014793418384974473e+02 1.916257055894531618e+02
3.009602943461661440e+01 2.106698557798546858e+02 2.106072639704819949e+02 2.006524336610934824e+02
3.112604538288229961e+01 2.164776565011356695e+02 2.162061495107998894e+02 2.061892487813272510e+02
3.215606133114813758e+01 2.194952091800810194e+02 2.191151563572965415e+02 2.090660057674384404e+02
3.318607727941412122e+01 2.206821900851112446e+02 2.202594398037749386e+02 2.101976034474894561e+02
3.421609322768026118e+01 2.212361912307685259e+02 2.207935127089237994e+02 2.107257555083310763e+02
3.524610917594655746e+01 2.220632307253546571e+02 2.215908023698005991e+02 2.115142062487078931e+02
3.627612512421302426e+01 2.195557724430180144e+02 2.191735410701001285e+02 2.091237432150632571e+02
3.730614107247966871e+01 2.123960531959392597e+02 2.122713675126776423e+02 2.022980886021910010e+02
3.833615702074648368e+01 2.000400434674163819e+02 2.003598217270991597e+02 1.905185967129527569e+02
3.936617296901346919e+01 1.843426054433914487e+02 1.852270437633668791e+02 1.755535839014966655e+02
4.039618891728064654e+01 1.663995510313993407e+02 1.679294275541313652e+02 1.584477326956407808e+02
4.142620486554801573e+01 1.514781941797012337e+02 1.535448139752292889e+02 1.442225899616346112e+02
4.245622081381558388e+01 1.430188634808902179e+02 1.453897779119578502e+02 1.361579623395794272e+02
4.348623676208335098e+01 1.392890124339106137e+02 1.417940951231262545e+02 1.326021420447361265e+02
4.451625271035130282e+01 1.395159739118704749e+02 1.420128924610759782e+02 1.328185137494804167e+02
4.554626865861948914e+01 1.415003630395179357e+02 1.439259001771359578e+02 1.347103134605357013e+02
4.657628460688787442e+01 1.439384621812933744e+02 1.462762972871347813e+02 1.370346535749178827e+02
4.760630055515647285e+01 1.442970583814973509e+02 1.466219942516980268e+02 1.373765180703838951e+02
4.863631650342531998e+01 1.415467790108261852e+02 1.439706464973127993e+02 1.347545637136165624e+02
4.966633245169436606e+01 1.369032017952340539e+02 1.394941056214416335e+02 1.303276507093437999e+02
5.069634839996366793e+01 1.314028027061459625e+02 1.341915640219976922e+02 1.250838941988646127e+02
5.172636434823321139e+01 1.255049600511561181e+02 1.285058754894873232e+02 1.194612384026262930e+02
5.275638029650298222e+01 1.210790903774184244e+02 1.242392108932275505e+02 1.152418749454844544e+02
5.378639624477300885e+01 1.172004258999177608e+02 1.205000677130474145e+02 1.115441846912977297e+02
5.481641219304327706e+01 1.120157059149957917e+02 1.155018497735424035e+02 1.066013780447979116e+02
5.584642814131380817e+01 1.051574153440703014e+02 1.088902620570162014e+02 1.001253813720700236e+02
5.687644408958461639e+01 9.814232073843196247e+01 1.019334855675567013e+02 9.354546473228052150e+01
5.790646003785567331e+01 9.238484564491078288e+01 9.583891962810757548e+01 8.764764053548746858e+01
5.893647598612702154e+01 8.859227927406513459e+01 9.195653138602776266e+01 8.386348528162822902e+01
5.996649193439863268e+01 8.633488077232988189e+01 8.971377151344231038e+01 8.158314629372303273e+01
6.099650788267051382e+01 8.603775286288794177e+01 8.942359220560139477e+01 8.129519588483819348e+01
6.202652383094270050e+01 8.744458777834447005e+01 9.080584858906094325e+01 8.268301656370421426e+01
6.305653977921517850e+01 8.986612625268008969e+01 9.326725583549398380e+01 8.515043381378887943e+01
6.408655572748794782e+01 9.018550778886458374e+01 9.359684307144061677e+01 8.546870726309187205e+01
6.511657167576103689e+01 8.637854166953620449e+01 8.975641136156306743e+01 8.162656385205742993e+01
6.614658762403441017e+01 7.917883102088431713e+01 8.253576974025631330e+01 7.458890495888776684e+01
6.717660357230808188e+01 7.059363722246355621e+01 7.406795412292331093e+01 6.697247547744390772e+01
6.820661952058210886e+01 6.477059962986847097e+01 6.717953146358777872e+01 6.124836220478045590e+01
6.923663546885642006e+01 6.039166331169479918e+01 6.307410914541603830e+01 5.749459246460949657e+01
7.026665141713107232e+01 5.708788933080615635e+01 5.945484170710328442e+01 5.415968004667428914e+01
7.129666736540605143e+01 5.461532234859509316e+01 5.680358751190509281e+01 5.153610841941985399e+01
7.232668331368135739e+01 5.233209292695394055e+01 5.456764301681127449e+01 4.941254934309821323e+01
7.335669926195701862e+01 5.013885976935453925e+01 5.226754197406743430e+01 4.744070522629993292e+01
7.438671521023302091e+01 4.766604936257780878e+01 4.971796859741059649e+01 4.538919439019183244e+01
7.541673115850939269e+01 4.532591753728268458e+01 4.734965104216808385e+01 4.332661816326066173e+01
7.644674710678607710e+01 4.334576510485863565e+01 4.516071263688704107e+01 4.155227554145456992e+01
7.747676305506314520e+01 4.178644211386271223e+01 4.343996487493470227e+01 4.016963161856505593e+01
7.850677900334058279e+01 4.056320082023773210e+01 4.206748768052732146e+01 3.889469221314683978e+01
7.953679495161837565e+01 3.954163523369124533e+01 4.094648827304492755e+01 3.757583728548653568e+01
8.056681089989653799e+01 3.867600891574468136e+01 4.002314448935089075e+01 3.643654781833562595e+01
8.159682684817508402e+01 3.799148139995475049e+01 3.929558566663033048e+01 3.554127475675488768e+01
8.262684279645404217e+01 3.718803878980056510e+01 3.847143577341367404e+01 3.446389167721469704e+01
8.365685874473334138e+01 3.649399991637021401e+01 3.780201108649003316e+01 3.347175391476076811e+01
8.468687469301306692e+01 3.581673336998257184e+01 3.718567177996607143e+01 3.239655832172028482e+01
8.571689064129319036e+01 3.513350993224406693e+01 3.658904990542917801e+01 3.106126997970411452e+01
8.674690658957368328e+01 3.424834360027620761e+01 3.588353531952369480e+01 2.899619001808207486e+01
8.777692253785463095e+01 3.316427030574685375e+01 3.512911530958417927e+01 2.771788284001844360e+01
8.880693848613594810e+01 3.165150776409604916e+01 3.414357427659135880e+01 2.680000260721041627e+01
8.983695443441771999e+01 2.937110310221679299e+01 3.280982349364852269e+01 2.613992248071152602e+01
9.086697038269988980e+01 2.827046259820162533e+01 3.126838802954820551e+01 2.564684844928030572e+01
9.189698633098248592e+01 2.742495014249047358e+01 2.940000670006430639e+01 2.532270504030581293e+01
9.292700227926553680e+01 2.686709664803047914e+01 2.883544031556088783e+01 2.509790260263168804e+01
9.395701822754901400e+01 2.658176648194936220e+01 2.846162873743382704e+01 2.492932366378555642e+01
9.498703417583291753e+01 2.639577809657448526e+01 2.820964002832419126e+01 2.481568355291539518e+01
9.601705012411729001e+01 2.607097018632141783e+01 2.777286260110475880e+01 2.464469816908154343e+01
9.704706607240208882e+01 2.571682966840428719e+01 2.725691985136084483e+01 2.446177596696899315e+01
9.807708202068738501e+01 2.537621237639413962e+01 2.662808278518719618e+01 2.421791161346542864e+01
9.910709796897309332e+01 2.500566828656784324e+01 2.604312069160437559e+01 2.395262122149271633e+01
1.001371139172592990e+02 2.463763115174784701e+01 2.550479326890249610e+01 2.345424754946048296e+01
1.011671298655459736e+02 2.430841769461995838e+01 2.498525341234534380e+01 1.873606032012061462e+01
1.021971458138330746e+02 2.406351445561032421e+01 2.464090922855022114e+01 1.522618151747388460e+01
1.032271617621207014e+02 2.382614144345077989e+01 2.438291449354061413e+01 1.475819847118047790e+01
1.042571777104088255e+02 2.233809051353364694e+01 2.411709619936117832e+01 1.897954204019196567e+01
1.052871936586974186e+02 1.974188178552317652e+01 2.390715843741392632e+01 2.231347142238289294e+01
1.063172096069865233e+02 1.764944849930826365e+01 2.373795757294086073e+01 2.186115073854980295e+01
1.073472255552761396e+02 1.588454066394981545e+01 2.362015542989695760e+01 2.112745698116532012e+01
1.083772415035662249e+02 1.466131895874908508e+01 2.354980393201712374e+01 2.061894876842870516e+01
1.094072574518567933e+02 1.473590744772254091e+01 2.355409376100034535e+01 2.064995611489529992e+01
1.104372734001479159e+02 1.579160001999197327e+01 2.361481010820379822e+01 2.108882041957664910e+01
1.114672893484395928e+02 1.698081489980702230e+01 2.368388971625138595e+01 2.158319157937821942e+01
1.124973052967317528e+02 1.906775968514642372e+01 2.385264676294593045e+01 2.245076003271823950e+01
1.135273212450244102e+02 1.997599186171533248e+01 2.392608932879982220e+01 2.201283825168936659e+01
1.145573371933176787e+02 1.990160958457852658e+01 2.392007453937932482e+01 2.210835648047627444e+01
1.155873531416114304e+02 1.918115256393071633e+01 2.386181607469497834e+01 2.249789883828594839e+01
1.166173690899057362e+02 1.687880924581654085e+01 2.367733908166816192e+01 2.154078658232887378e+01
1.176473850382005963e+02 1.379843418054136883e+01 2.350017659431822281e+01 2.026023702018349582e+01
1.186774009864959964e+02 1.620341945588183563e+01 2.332856154239221524e+01 1.901978491946697147e+01
1.197074169347919650e+02 1.998052770754406993e+01 2.316174743172582495e+01 1.781403453986449392e+01
1.207374328830885162e+02 2.203785540748472371e+01 2.298792109054914334e+01 1.655759900199890922e+01
1.217674488313856074e+02 2.048329921177533208e+01 2.283835964676659813e+01 1.547655275900240923e+01
1.227974647796832528e+02 1.899525407907115238e+01 2.269519712933873734e+01 1.444175864569922041e+01
1.238274807279815235e+02 1.717315607765947050e+01 1.317153083623439436e+01 2.125226941818836579e+01
1.248574966762803342e+02 1.509128412497318905e+01 1.337855774898492811e+01 1.947373398829578051e+01
1.258875126245797702e+02 1.568917587352626697e+01 1.357149666669303834e+01 1.781622629333005392e+01
1.269175285728797604e+02 1.864653100385679707e+01 1.378129826329043617e+01 1.601385399381104335e+01
1.279475445211803759e+02 2.121586709248110125e+01 1.396357289377366584e+01 1.444796150197040419e+01
1.289775604694815740e+02 2.040922956256761367e+01 1.412484460009683573e+01 1.306250180629975688e+01
1.300075764177833832e+02 1.964004050095267928e+01 1.438330430931554460e+01 1.229411472016034779e+01
1.310375923660858177e+02 1.865231679658883479e+01 1.751603764271243335e+01 1.343936168525366703e+01
1.320676083143888491e+02 1.777192266015942934e+01 2.030835703884956445e+01 1.491784684764279945e+01
1.330976242626925341e+02 1.647410324790538283e+01 2.087034751533189336e+01 1.709733290403595518e+01
1.341276402109967876e+02 1.573276621403029374e+01 2.028762419709264364e+01 1.834229326844630492e+01
1.351576561593017232e+02 1.513764607413551566e+01 1.981983374980072199e+01 1.934170507761835012e+01
1.361876721076072556e+02 1.490179979179447045e+01 1.963444826120348452e+01 1.973777226459447931e+01
1.372176880559134702e+02 1.500747959779172724e+01 1.971751720880441638e+01 1.956029945024249628e+01
1.382477040042203100e+02 1.507644637724914105e+01 1.977172811253281637e+01 1.944448045974002781e+01
1.392777199525278036e+02 1.507050477675056577e+01 1.976705775478732008e+01 1.945445845461129508e+01
1.403077359008359508e+02 1.509582699317784815e+01 1.978696212393039033e+01 1.941193372651805404e+01
1.413377518491447233e+02 1.453880059312096940e+01 1.934911502152500518e+01 2.034737301838249124e+01
1.423677677974542348e+02 1.347405596735025846e+01 1.851217919739206863e+01 1.989235045094221022e+01
1.433977837457643147e+02 1.218733392251201764e+01 1.739133137030558629e+01 1.895446842197097936e+01
1.444277996940751336e+02 1.369075018822280221e+01 1.663162515848656753e+01 1.831877570245616837e+01
1.454578156423866346e+02 1.496701098875040792e+01 1.598670513189397546e+01 1.777913161478630144e+01
1.464878315906988178e+02 1.590217818953995810e+01 1.551414650143819962e+01 1.738371286441785202e+01
1.475178475390116830e+02 1.668815849195441103e+01 1.511697498498573822e+01 1.705137512980467918e+01
1.485478634873252304e+02 1.754594900565115978e+01 1.468351633713297311e+01 1.668867372975824281e+01
1.495778794356394883e+02 1.837879800116206397e+01 1.426266113566438776e+01 1.633651840526386678e+01
1.506078953839544283e+02 1.909396437279050573e+01 1.390127331021517421e+01 1.603412307666797432e+01
1.516379113322701073e+02 1.936614975134948935e+01 1.376373261202417275e+01 1.591903435010924817e+01
1.526679272805864400e+02 2.001130764899686554e+01 1.343772146419673419e+01 1.564624085450474134e+01
1.536979432289035685e+02 2.035137285837272358e+01 1.326587973421237265e+01 1.550245035370268631e+01
1.547279591772213507e+02 2.029013818837051275e+01 1.329682283376529028e+01 1.552834234036673244e+01
1.557579751255399287e+02 1.998669689366108670e+01 1.345015776951854036e+01 1.565664707289251290e+01
1.567879910738592173e+02 2.031460840326432660e+01 1.328445754633068354e+01 1.551799554699503680e+01
1.578180070221792164e+02 2.040799374500983632e+01 1.304551336947790396e+01 1.531805631886620667e+01
1.588480229704999545e+02 2.030680217834033741e+01 1.292884916941991413e+01 1.529158360806842332e+01
1.598780389188214883e+02 1.999537755063594702e+01 1.256980635325171214e+01 1.552488425066733946e+01
1.609080548671437327e+02 1.960074735249801137e+01 1.211483547079808076e+01 1.582051751349943025e+01
1.619380708154667161e+02 1.928901962248657398e+01 1.321797279442072082e+01 1.605404522215772900e+01
1.629680867637904953e+02 1.885259858208206651e+01 1.483456558488837729e+01 1.638098567616287937e+01
1.639981027121150419e+02 1.841531686295536829e+01 1.645434650536900634e+01 1.670857089901768688e+01
1.650281186604403842e+02 1.811849304742959887e+01 1.755384262446837695e+01 1.693093348932174180e+01
1.660581346087664372e+02 1.803714275718006732e+01 1.785518073730994359e+01 1.699187624497573523e+01
1.670881505570933427e+02 1.786025622976028160e+01 1.851040461169656481e+01 1.712438901642327238e+01
1.681181665054209589e+02 1.805504200041128016e+01 1.778887827962919488e+01 1.697846720607390480e+01
1.691481824537494276e+02 1.845396726007061261e+01 1.631117752967686485e+01 1.667961634089504486e+01
1.701781984020786069e+02 1.863733825517759257e+01 1.563193386077385227e+01 1.654224579538677276e+01
1.712082143504086389e+02 1.867233724837984354e+01 1.550229043196037004e+01 1.651602664995633774e+01
1.722382302987395235e+02 1.859835426245536993e+01 1.577633854282120573e+01 1.657145026331922111e+01
1.732682462470711471e+02 1.836092157803197722e+01 1.665583776564619711e+01 1.674932058224127474e+01
1.742982621954035949e+02 1.785339115465174586e+01 1.853583425394340267e+01 1.712953191872395919e+01
1.753282781437368953e+02 1.742621889463346818e+01 2.011816767030036601e+01 1.744954374147965481e+01
1.763582940920710200e+02 1.716722084097177259e+01 2.043060576391240701e+01 1.764356954090518670e+01
1.773883100404059405e+02 1.690005179353128284e+01 2.026440107224863496e+01 1.784371655853146521e+01
1.784183259887417137e+02 1.664786545320465549e+01 2.010751705691321689e+01 1.803263943109476486e+01
1.794483419370783679e+02 1.640910922351388024e+01 1.995898785445236712e+01 1.821150127070568558e+01
1.804783578854157611e+02 1.608652012498060913e+01 1.975830659227225539e+01 1.845316566487381493e+01
1.815083738337541490e+02 1.592719329889719404e+01 1.965919007313707922e+01 1.857252376183135567e+01
1.825383897820932191e+02 1.571227778074511150e+01 1.952549207267472298e+01 1.873352557102980498e+01
1.835684057304332555e+02 1.539260911719764557e+01 1.932662760027990956e+01 1.897300215056079864e+01
1.845984216787741445e+02 1.549754016158552616e+01 1.902805606049291498e+01 1.933254797708499950e+01
1.856284376271158862e+02 1.557617730651649346e+01 1.895627848053321785e+01 1.941898397607850058e+01
1.866584535754584806e+02 1.571796313944868650e+01 1.882686071022407504e+01 1.944992657872849762e+01
1.876884695238020129e+02 1.584389004345550234e+01 1.871191848502806820e+01 1.942182962741570407e+01
1.887184854721463978e+02 1.590910395157822776e+01 1.865239322493791008e+01 1.940727902747923750e+01
1.897485014204916354e+02 1.578894364597507760e+01 1.876207187554231837e+01 1.943408932892267771e+01
1.907785173688377824e+02 1.571856352440497417e+01 1.882631269720497968e+01 1.944979262016722998e+01
1.918085333171848390e+02 1.561024246265387738e+01 1.892518484824739389e+01 1.945642755066642593e+01
1.928385492655328051e+02 1.565534722501880793e+01 1.888401460115800390e+01 1.946389751141375513e+01
1.938685652138815954e+02 1.582350756473186948e+01 1.873052298799732895e+01 1.942637738880830511e+01
1.948985811622314372e+02 1.603694085105528799e+01 1.853570761431369363e+01 1.937875591584622725e+01
1.959285971105820749e+02 1.613173128002259205e+01 1.844918581090148635e+01 1.935760616958176783e+01
1.969586130589337358e+02 1.635040332434474664e+01 1.824958865919839468e+01 1.930881581909037337e+01
1.979886290072862494e+02 1.657908239470586764e+01 1.804085740029569607e+01 1.925779268978479308e+01
1.990186449556397292e+02 1.660618451808214502e+01 1.801611941127758243e+01 1.925174563378049797e+01
2.000486609039941186e+02 1.652846773014576698e+01 1.808705691753128875e+01 1.926908589020986895e+01
2.010786768523494743e+02 1.660004538095622095e+01 1.802172302781689339e+01 1.925311540490518425e+01
2.021086928007057111e+02 1.665843664280068381e+01 1.796842527050807803e+01 1.924008708141803226e+01
2.031387087490630279e+02 1.677549170989987459e+01 1.786158098660413884e+01 1.921396962425396282e+01
2.041687246974211973e+02 1.686700739481414857e+01 1.777804826937149230e+01 1.919355054253609438e+01
2.051987406457803615e+02 1.691734128970634643e+01 1.773210503009850925e+01 1.918231998775256031e+01
2.062287565941404353e+02 1.686006869084628690e+01 1.778438170606107604e+01 1.919509871390659228e+01
2.072587725425015321e+02 1.686231276813881763e+01 1.778233338096685046e+01 1.919459801287747069e+01
2.082887884908635954e+02 1.684045447952967578e+01 1.780228495804663780e+01 1.919947505861821924e+01
2.093188044392265965e+02 1.666582490123431270e+01 1.796168149425643534e+01 1.923843860495358271e+01
2.103488203875907061e+02 1.660868585210274162e+01 1.801383627011284005e+01 1.925118753334320232e+01
2.113788363359556683e+02 1.678150099623695368e+01 1.785609589389204288e+01 1.921262882558215424e+01
2.124088522843216822e+02 1.707967784752423768e+01 1.758392918687092532e+01 1.914609927386088373e+01
2.134388682326886908e+02 1.749243716100279755e+01 1.720717511405551647e+01 1.905400395534116953e+01
2.144688841810567226e+02 1.781355541260339237e+01 1.691406819872925382e+01 1.898235569278733337e+01
2.154989001294257207e+02 1.803657685924853027e+01 1.671050104565735950e+01 1.893259489879721258e+01
2.165289160777957136e+02 1.819811669663518572e+01 1.656305242446344650e+01 1.889655195005701671e+01
2.175589320261667865e+02 1.823119724767468952e+01 1.653285750958659861e+01 1.888917098060264621e+01
2.185889479745388542e+02 1.802448897076466139e+01 1.672153450043190404e+01 1.893529196196162800e+01
2.196189639229119450e+02 1.784043642061233825e+01 1.688953203705333195e+01 1.897635797229049004e+01
2.206489798712860591e+02 1.768658906899152328e+01 1.702995919259470625e+01 1.901068456502446224e+01
2.216789958196612247e+02 1.762763152211156736e+01 1.708377383755821199e+01 1.902383923866051418e+01
2.227090117680374419e+02 1.775739363033578044e+01 1.696533095529209234e+01 1.899488657230397592e+01
2.237390277164147108e+02 1.795101961181317662e+01 1.678859508345989582e+01 1.895168452729722830e+01
2.247690436647930312e+02 1.807802842586327685e+01 1.667266532387782974e+01 1.892334617900854354e+01
2.257990596131723748e+02 1.820366488983009390e+01 1.655798820346421252e+01 1.889531403100150442e+01
2.268290755615527985e+02 1.849746742241135777e+01 1.628981424072400230e+01 1.882976048215014231e+01
2.278590915099342737e+02 1.859949943164487962e+01 1.619668254440368571e+01 1.880699498641759249e+01
2.288891074583168859e+02 1.862710177105303089e+01 1.617148797349597089e+01 1.880083632165419871e+01
2.299191234067005212e+02 1.868051417276773662e+01 1.612273476738348776e+01 1.878891888699387991e+01
2.309491393550852081e+02 1.851747382273962117e+01 1.627155301060777148e+01 1.882529663178869228e+01
2.319791553034710034e+02 1.840897368667659961e+01 1.637058861520326758e+01 1.884950530319563100e+01
2.330091712518579072e+02 1.841751253707284874e+01 1.636279461381093725e+01 1.884760010536882291e+01
2.340391872002459195e+02 1.835773869543018222e+01 1.641735434765899626e+01 1.886093691160302654e+01
2.350692031486349549e+02 1.832332120895621230e+01 1.644876957629637815e+01 1.886861617958308912e+01
2.360992190970251841e+02 1.841820161876739448e+01 1.636216564112287131e+01 1.884744635669235890e+01
2.371292350454164932e+02 1.862308054202366492e+01 1.617515842832294837e+01 1.880173354276152864e+01
2.381592509938089393e+02 1.874498047200843587e+01 1.606389190180746596e+01 1.877453509438524293e+01
2.391892669422024085e+02 1.890583731590810856e+01 1.591706669617202152e+01 1.873864453591384205e+01
2.402192828905971282e+02 1.906859953290419796e+01 1.576850232426978060e+01 1.870232884847143850e+01
2.412492988389928996e+02 1.906521587749370639e+01 1.577159082140425639e+01 1.870308381344161219e+01
2.422793147873898647e+02 1.906306924185936325e+01 1.577355020473415337e+01 1.870356277317924665e+01
2.433093307357878814e+02 1.907754014266518183e+01 1.576034160922130489e+01 1.870033400964694437e+01
2.443393466841870350e+02 1.906696598694212241e+01 1.576999337504500787e+01 1.870269332706896748e+01
2.453693626325874959e+02 1.898972894280166557e+01 1.584049298583973986e+01 1.871992654252736443e+01
2.463993785809889800e+02 1.895459721772624206e+01 1.587256014962012962e+01 1.872776517222102655e+01
2.474293945293916579e+02 1.885389464020139982e+01 1.596447838135122943e+01 1.875023404366755386e+01
2.484594104777954726e+02 1.880610242433223078e+01 1.600810165377562555e+01 1.876089749619183422e+01
2.494894264262005379e+02 1.881952349451152529e+01 1.599585131153870243e+01 1.875790297204016710e+01
2.505194423746067116e+02 1.886370900235607451e+01 1.595552013185058016e+01 1.874804425223417326e+01
2.515494583230139938e+02 1.888761609191998048e+01 1.593369847194312428e+01 1.874271007573864622e+01
2.525794742714225833e+02 1.898940884639791093e+01 1.584078516004361781e+01 1.871999796279408912e+01
2.536094902198323098e+02 1.921151830484323497e+01 1.563805044189788873e+01 1.867044065262856734e+01
2.546395061682432299e+02 1.938551603367651666e+01 1.547923063854540793e+01 1.863161808525010699e+01
2.556695221166553438e+02 1.939191137006184817e+01 1.547339317116062496e+01 1.863019115066083486e+01
2.566995380650685661e+02 1.938952805486546893e+01 1.547556858835344151e+01 1.863072291860640206e+01
2.577295540134831526e+02 1.936451623347397444e+01 1.549839861367343374e+01 1.863630358409980303e+01
2.587595699618988760e+02 1.941320568870149188e+01 1.545395636861411326e+01 1.862543993852887425e+01
2.597895859103158500e+02 1.944337518206922510e+01 1.542641857811514683e+01 1.861870848750996288e+01
2.608196018587340177e+02 1.945679963341339658e+01 1.541416514965436768e+01 1.861571320894901405e+01
2.618496178071533791e+02 1.943861465569403180e+01 1.535139621242552366e+01 1.860036971120250016e+01
2.628796337555741047e+02 1.931445504839632932e+01 1.548912357693142638e+01 1.855369883746256576e+01
2.639096497039959104e+02 1.919985681971469305e+01 1.589198055776866170e+01 1.851062203029454167e+01
2.649396656524190234e+02 1.919110673906935105e+01 1.592274046663825260e+01 1.850733292590785339e+01
2.659696816008433871e+02 1.928612869144098596e+01 1.558870164870817376e+01 1.854305112475028849e+01
2.669996975492688875e+02 1.934949461359893874e+01 1.536594598850126481e+01 1.856687000608226157e+01
2.680297134976958660e+02 1.942746027763515215e+01 1.533424355701556330e+01 1.859617684541173332e+01
2.690597294461239244e+02 1.939809254191080967e+01 1.546775118661218507e+01 1.862881200070184917e+01
2.700897453945532902e+02 1.931166356011507546e+01 1.554664091686783856e+01 1.864809613154491075e+01
2.711197613429839066e+02 1.927997649603583952e+01 1.557556389948161879e+01 1.865516618463405507e+01
2.721497772914158872e+02 1.930022123736090833e+01 1.555708511899563895e+01 1.865064915536348522e+01
2.731797932398490616e+02 1.940291407877504781e+01 1.546335023527926111e+01 1.862773621401753132e+01
2.742098091882836002e+02 1.939586232524793630e+01 1.528565377584646434e+01 1.858429935901820684e+01
2.752398251367193325e+02 1.934466500959502611e+01 1.538292390962655887e+01 1.856505458604682346e+01
2.762698410851564290e+02 1.936217287468203452e+01 1.532137701007149744e+01 1.857163569063240871e+01
2.772998570335947193e+02 1.938997514782523623e+01 1.527660076319656035e+01 1.858208640329001327e+01
2.783298729820344306e+02 1.941800739013462263e+01 1.531970737032098562e+01 1.859262356001870486e+01
2.793598889304753925e+02 1.944150651902108606e+01 1.535584317799185783e+01 1.860145674579569786e+01
2.803899048789176618e+02 1.945094746399862373e+01 1.537036100006039341e+01 1.860500554206383583e+01
2.814199208273614090e+02 1.944881704720132376e+01 1.542145141011849496e+01 1.861749429249045207e+01
2.824499367758062363e+02 1.943039449271212860e+01 1.543826695421118522e+01 1.862160475340127164e+01
2.834799527242524846e+02 1.942195381863421488e+01 1.532577599447880523e+01 1.859410699952239554e+01
2.845099686727000972e+02 1.926187127937271626e+01 1.567397580958456160e+01 1.853393290473867694e+01
2.855399846211490171e+02 1.918733639716096917e+01 1.593599467288043314e+01 1.850591567632892165e+01
2.865700005695993582e+02 1.914710456866477983e+01 1.607742506973728069e+01 1.849079276615757905e+01
2.876000165180508930e+02 1.909068875621503381e+01 1.627574841326926602e+01 1.846958639061336171e+01
2.886300324665038488e+02 1.901814069600919765e+01 1.653078283078468758e+01 1.844231599703177338e+01
2.896600484149582826e+02 1.901647609551860185e+01 1.653663454363972463e+01 1.844169028339579341e+01
2.906900643634139669e+02 1.905077057007789421e+01 1.641607623624443590e+01 1.845458137677929855e+01
2.917200803118710155e+02 1.911485505937079310e+01 1.619079453536619795e+01 1.847867036331503954e+01
2.927500962603294283e+02 1.913537519066005643e+01 1.611865835810868575e+01 1.848638376123383154e+01
2.937801122087891486e+02 1.907502034310340733e+01 1.633082892955015097e+01 1.846369672531920259e+01
2.948101281572504604e+02 1.904194971031396832e+01 1.644708496101937811e+01 1.845126566693388526e+01
2.958401441057130228e+02 1.908023253491557369e+01 1.631250606469307129e+01 1.846565595788499436e+01
2.968701600541769494e+02 1.905613683112652268e+01 1.639721175858797508e+01 1.845659852307435500e+01
2.979001760026422971e+02 1.905902531669235955e+01 1.638705761757173462e+01 1.845768428798676908e+01
2.989301919511090659e+02 1.907530913351241963e+01 1.632981371985966135e+01 1.846380527995311027e+01
2.999602078995772558e+02 1.910855231833116363e+01 1.621295110144435725e+01 1.847630119964193796e+01
3.009902238480468100e+02 1.913122480741060727e+01 1.613324855626816046e+01 1.848482365632674274e+01
3.020202397965177852e+02 1.914013221888356853e+01 1.610193556884808075e+01 1.848817190045582848e+01
3.030502557449901815e+02 1.912923105816480529e+01 1.614025735396905503e+01 1.848407421758941638e+01
3.040802716934639989e+02 1.912729105721509981e+01 1.614707720567541216e+01 1.848334498252376434e+01
3.051102876419393510e+02 1.918548537234628881e+01 1.594250173914904423e+01 1.850521988687455988e+01
3.061403035904160106e+02 1.924791900052678528e+01 1.572302345191143580e+01 1.852868832432661605e+01
3.071703195388941481e+02 1.926670143847490380e+01 1.565699593707469539e+01 1.853574853343232576e+01
3.082003354873737635e+02 1.932761841642382805e+01 1.544284926045887474e+01 1.855864687088966036e+01
3.092303514358547432e+02 1.931538768425225427e+01 1.548584500212743187e+01 1.855404940985260964e+01
3.102603673843372576e+02 1.920885577690856039e+01 1.586034575182521777e+01 1.851400468592729709e+01
3.112903833328211363e+02 1.910283716971583345e+01 1.623304205348344098e+01 1.847415290854118552e+01
3.123203992813065497e+02 1.903523058833133774e+01 1.647070526673386937e+01 1.844873998808776250e+01
3.133504152297934411e+02 1.896746956129841521e+01 1.670891141601693164e+01 1.842326901241401771e+01
3.143804311782818104e+02 1.889934307002979352e+01 1.694840231306872269e+01 1.818805504575336585e+01
3.154104471267716008e+02 1.884045620529955656e+01 1.715541235859130609e+01 1.794191619220442035e+01
3.164404630752628691e+02 1.883015923546266990e+01 1.719161017969187455e+01 1.789887629931336832e+01
3.174704790237557290e+02 1.884922321368402365e+01 1.712459294218870554e+01 1.797856106033743373e+01
3.185004949722500669e+02 1.886187797651173170e+01 1.708010656919122283e+01 1.803145619796473653e+01
3.195305109207458258e+02 1.881015402704006334e+01 1.726193620443822496e+01 1.781525732777011584e+01
3.205605268692430627e+02 1.872700742524812867e+01 1.755422858408597619e+01 1.746771616837385821e+01
3.215905428177419481e+02 1.871433683293818362e+01 1.759877060381984037e+01 1.741475486572610265e+01
3.226205587662421976e+02 1.873302326801093898e+01 1.753308057612375137e+01 1.749286154922494774e+01
3.236505747147440388e+02 1.872645908151681127e+01 1.755615622382877561e+01 1.746542416831584177e+01
3.246805906632473580e+02 1.877618874494773493e+01 1.738133727332396461e+01 1.767328720195393643e+01
3.257106066117522687e+02 1.885025113333632518e+01 1.712097940808408580e+01 1.798285762063007809e+01
3.267406225602586005e+02 1.891591547108063764e+01 1.689014393046217322e+01 1.825732536289276453e+01
3.277706385087665240e+02 1.896142402933788063e+01 1.673016379296197442e+01 1.842099653213672283e+01
3.288006544572760959e+02 1.899306592618934886e+01 1.661893031945901100e+01 1.843289053699859181e+01
3.298306704057870888e+02 1.901785800684045213e+01 1.653177659226203389e+01 1.844220973581857237e+01
3.308606863542996166e+02 1.893937514863545957e+01 1.680767411413189905e+01 1.835538353196703909e+01
3.318907023028138497e+02 1.881844091703139554e+01 1.723280458939630577e+01 1.784989536821083433e+01
3.329207182513294470e+02 1.869995077581867804e+01 1.764934314411115679e+01 1.735462316024804608e+01
3.339507341998467496e+02 1.866294248504279452e+01 1.777944156238023865e+01 1.719993368399367739e+01
3.349807501483655301e+02 1.877066109179443743e+01 1.740076910648640052e+01 1.765018238535007100e+01
3.360107660968859022e+02 1.895718458984021737e+01 1.674506705818796704e+01 1.841940295150426010e+01
3.370407820454079797e+02 1.922002137104504982e+01 1.582109438123400480e+01 1.851820176777635751e+01
3.380707979939314782e+02 1.947030759697354441e+01 1.540183549379793781e+01 1.861269929704926795e+01
3.391008139424566252e+02 1.914623052792859426e+01 1.569764312716126575e+01 1.868500773425230221e+01
3.401308298909832502e+02 1.923431837832423241e+01 1.561723923240133338e+01 1.866535347479650753e+01
3.411608458395116941e+02 1.922131363962497375e+01 1.562910956000109941e+01 1.866825510660386556e+01
3.421908617880417296e+02 1.847268922690151172e+01 1.631243101948709651e+01 1.883528902077618383e+01
3.432208777365732431e+02 1.753881014112787184e+01 1.716484727659627652e+01 1.904365716427948030e+01
3.442508936851063481e+02 1.545942299936399067e+01 1.906284823995969191e+01 1.929065053792557904e+01
3.452809096336411017e+02 1.846450042222510035e+01 1.627216054281483792e+01 1.667172552790008311e+01
3.463109255821776742e+02 1.944831125711536401e+01 1.372221476515344385e+01 1.588429382465999851e+01
3.473409415307156110e+02 1.582593164734331914e+01 1.555267539929412557e+01 1.741595235315297074e+01
3.483709574792552530e+02 1.503052888782625018e+01 1.595460827117070934e+01 1.775227420548302604e+01
3.494009734277965435e+02 1.720178649483891675e+01 1.485742851521871266e+01 1.683419670130188095e+01
3.504309893763395962e+02 1.971911713738873217e+01 1.225130451382036334e+01 1.573184197398649964e+01
3.514610053248842405e+02 1.677076975898667399e+01 2.018397528604696589e+01 1.794056690064500259e+01
3.524910212734304196e+02 1.640474057131476116e+01 1.819999128263285826e+01 1.929669203192488069e+01
3.535210372219783608e+02 1.877715964216245936e+01 1.603451973982479117e+01 1.876735524203967387e+01
3.545510531705277799e+02 1.929694850949987384e+01 1.555066581441512596e+01 1.854711823138428883e+01
3.555810691190791317e+02 1.912550793900012991e+01 1.615334555405061678e+01 1.848267471876499712e+01
3.566110850676320183e+02 1.893123076416036454e+01 1.683630476731180181e+01 1.832134114464100705e+01
3.576411010161866102e+02 1.886969903975911933e+01 1.705261251485001139e+01 1.806414714780668263e+01
3.586711169647429642e+02 1.872205571366167121e+01 1.757163576046772846e+01 1.744701870691824297e+01
3.597011329133009099e+02 1.852274143747942503e+01 1.827230232804271282e+01 1.661391292585524226e+01
3.607311488618604471e+02 1.837276780220201999e+01 1.879951750936009702e+01 1.638276643994750970e+01
3.617611648104218602e+02 1.828937474971373334e+01 1.909267625827552450e+01 1.645722552922059378e+01
3.627911807589848650e+02 1.834955731756493691e+01 1.888111131645673169e+01 1.640349036713445230e+01
3.638211967075496318e+02 1.841020163018285771e+01 1.866792316366183968e+01 1.634934292736113548e+01
3.648512126561161608e+02 1.845865120535190940e+01 1.849760421719997794e+01 1.634602472477985202e+01
3.658812286046843383e+02 1.849035583173119690e+01 1.838615022520840014e+01 1.647854562608687345e+01
3.669112445532541642e+02 1.851352130749658897e+01 1.830471464165824003e+01 1.657537407285391140e+01
3.679412605018257523e+02 1.849884835628886393e+01 1.835629572534093867e+01 1.651404319023697909e+01
3.689712764503990456e+02 1.844594015345140292e+01 1.854228846800222641e+01 1.631743310016162596e+01
3.700012923989741580e+02 1.838605689707048541e+01 1.875280121454159499e+01 1.637090101625039296e+01
3.710313083475510894e+02 1.829739491908068416e+01 1.906448226911754418e+01 1.645006456689747054e+01
3.720613242961295555e+02 1.818893471406541096e+01 1.944576172898447552e+01 1.654690534495801302e+01
3.730913402447098974e+02 1.817485586514498763e+01 1.946566283332622760e+01 1.655947591573518096e+01
3.741213561932919447e+02 1.813080415871360174e+01 1.943156488886951294e+01 1.659880832825560049e+01
3.751513721418757541e+02 1.805495734556992815e+01 1.937285614336790118e+01 1.666652961273234723e+01
3.761813880904613256e+02 1.802776563214412775e+01 1.935180856975074448e+01 1.669080825654076605e+01
3.772114040390486593e+02 1.804560928906094119e+01 1.936562033941288519e+01 1.667487620460497411e+01
3.782414199876377552e+02 1.807935484019192884e+01 1.939174086961113375e+01 1.664474584087252396e+01
3.792714359362287837e+02 1.811153995286383278e+01 1.941665355229980960e+01 1.661600874460136623e+01
3.803014518848214607e+02 1.816658106258458361e+01 1.945925777479497043e+01 1.656686423219773729e+01
3.813314678334158998e+02 1.819708271611244044e+01 1.941711835864370883e+01 1.653963024477022969e+01
3.823614837820121579e+02 1.824266301358379749e+01 1.925688603013201927e+01 1.649893300036860211e+01
3.833914997306102350e+02 1.827914035658853464e+01 1.912865409809513295e+01 1.646636350377155722e+01
3.844215156792101880e+02 1.824533553346163472e+01 1.924749109181928119e+01 1.649654678964444088e+01
3.854515316278117893e+02 1.816183817349796570e+01 1.945558657152633231e+01 1.657109901185114254e+01
3.864815475764152666e+02 1.813717661239834555e+01 1.943649744629799514e+01 1.659311856053942336e+01
3.875115635250205628e+02 1.813249006680069186e+01 1.943286985535026190e+01 1.659730303282609398e+01
3.885415794736277917e+02 1.814141956999526073e+01 1.943978168076226254e+01 1.658933015432255331e+01
3.895715954222366122e+02 1.812061228259747026e+01 1.942367593169009510e+01 1.660790834067806543e+01
3.906016113708474791e+02 1.811244768990314213e+01 1.941735618040788935e+01 1.661519825414407237e+01
3.916316273194601649e+02 1.812045485060390249e+01 1.942355407245222665e+01 1.660804890685851021e+01
3.926616432680745561e+02 1.812281189077122434e+01 1.942537852447051350e+01 1.660594437825567837e+01
3.936916592166908799e+02 1.807976882667688656e+01 1.939206131322872650e+01 1.664437620508486759e+01
3.947216751653090228e+02 1.805262588799843115e+01 1.937105149339594590e+01 1.666861129942293474e+01
3.957516911139290983e+02 1.804172146155682910e+01 1.936261099114849671e+01 1.667834752609482862e+01
3.967817070625508791e+02 1.807843259785048673e+01 1.939102701376577542e+01 1.664556928266754099e+01
3.978117230111747062e+02 1.813809389499884261e+01 1.943720746308727598e+01 1.659229954714441391e+01
3.988417389598002956e+02 1.819469478425621389e+01 1.942551286027879343e+01 1.654176235561106978e+01
3.998717549084277607e+02 1.821173043473524800e+01 1.936562597723064627e+01 1.652655174774872293e+01
4.009017708570571585e+02 1.816757546621121833e+01 1.946002748662625237e+01 1.656597635981269079e+01
4.019317868056883185e+02 1.811525135388127694e+01 1.941952633875920498e+01 1.661269494889008413e+01
4.029618027543215817e+02 1.805384222670396355e+01 1.937199299266989883e+01 1.666752526803831458e+01
4.039918187029565502e+02 1.802091797421415365e+01 1.934650818348492507e+01 1.669692231949812111e+01
4.050218346515934513e+02 1.797463937215097829e+01 1.931068652456366763e+01 1.673824305857215222e+01
4.060518506002322852e+02 1.791645843163464491e+01 1.926565193592053404e+01 1.679019102923201245e+01
4.070818665488731654e+02 1.790088910397415844e+01 1.925360059641970523e+01 1.680409240259110248e+01
4.081118824975158077e+02 1.791474508637378449e+01 1.926432573186914254e+01 1.679172082246930842e+01
4.091418984461602122e+02 1.792562568402965795e+01 1.927274778959586499e+01 1.678200587178661252e+01
4.101719143948068336e+02 1.792295394311134160e+01 1.927067974545375506e+01 1.678439138700179711e+01
4.112019303434552739e+02 1.785537521966930186e+01 1.921837086243757398e+01 1.684473034872092612e+01
4.122319462921057038e+02 1.783513130380115896e+01 1.920270118753103006e+01 1.686280551798127547e+01
4.132619622407579527e+02 1.791714266854581439e+01 1.926618156516948588e+01 1.678958009515857697e+01
4.142919781894121911e+02 1.803674433934759946e+01 1.935875848121431275e+01 1.668279144529244107e+01
4.153219941380683622e+02 1.811827188340103234e+01 1.942186436050996434e+01 1.660999801107029583e+01
4.163520100867264659e+02 1.823070049422894101e+01 1.929893890028494496e+01 1.650961396562885852e+01
4.173820260353866729e+02 1.849430670399240384e+01 1.837226138513527118e+01 1.649505971922711112e+01
4.184120419840486420e+02 1.890039675419665244e+01 1.694469820675661254e+01 1.819245929811119211e+01
4.194420579327126575e+02 1.931531784481786573e+01 1.548609051468033293e+01 1.855402315761570975e+01
4.204720738813786625e+02 1.922711782124273228e+01 1.562381168060155368e+01 1.866696007112585676e+01
4.215020898300467138e+02 1.896217239435859270e+01 1.586564576015552319e+01 1.872607499035954248e+01
4.225321057787167547e+02 1.890782733109555380e+01 1.591525027119419278e+01 1.873820052150504978e+01
4.235621217273885577e+02 1.913357911778511777e+01 1.570919094726553311e+01 1.868783053099810232e+01
4.245921376760625208e+02 1.932980583885765924e+01 1.543515962679134823e+01 1.855946911025113266e+01
4.256221536247384165e+02 1.881848989928165139e+01 1.723263239789143597e+01 1.785010010716199602e+01
4.266521695734163586e+02 1.824546613901244996e+01 1.924703196292622209e+01 1.649643017596887518e+01
4.276821855220963471e+02 1.778724063974356184e+01 1.916563172222950584e+01 1.690556561758204879e+01
4.287122014707782114e+02 1.753348241409992525e+01 1.896921177430061789e+01 1.713213852519485769e+01
4.297422174194622926e+02 1.741313361869501364e+01 1.887605655118704462e+01 1.723959425961855274e+01
4.307722333681481928e+02 1.736062415066597353e+01 1.883541192991465962e+01 1.728647834709341424e+01
4.318022493168363098e+02 1.740189589755165045e+01 1.886735806428589868e+01 1.724962807486901895e+01
4.328322652655263028e+02 1.755449603824554217e+01 1.898547723702604983e+01 1.711337610710938151e+01
4.338622812142182852e+02 1.775513811565570421e+01 1.914078296671141999e+01 1.693422897304903785e+01
4.348922971629124845e+02 1.801896639577816472e+01 1.934499757655266450e+01 1.669866482380336947e+01
4.359223131116086165e+02 1.831100057992475172e+01 1.901665312277739162e+01 1.643791649118636755e+01
4.369523290603069086e+02 1.864461159562139159e+01 1.784388170995775624e+01 1.712331313156002466e+01
4.379823450090070764e+02 1.894630553459779065e+01 1.678331113403228159e+01 1.838435157540482123e+01
4.390123609577094044e+02 1.919720558897090967e+01 1.590130065656277125e+01 1.850962544808885468e+01
4.400423769064137787e+02 1.931208542499552649e+01 1.549745371728307930e+01 1.855280810981806994e+01
4.410723928551203130e+02 1.925253331946843360e+01 1.570680234082763427e+01 1.853042281996016882e+01
4.421024088038287800e+02 1.908053937192780225e+01 1.631142741423069964e+01 1.846577129613201507e+01
4.431324247525394071e+02 1.883224031541395505e+01 1.718429438087282790e+01 1.790757492226941139e+01
4.441624407012520805e+02 1.852182250410618991e+01 1.827553273333424144e+01 1.661007191295682262e+01
4.451924566499668572e+02 1.821769909587493075e+01 1.934464383087431827e+01 1.652122251396509256e+01
4.462224725986837370e+02 1.795405219633124716e+01 1.929475115146488662e+01 1.675662471407585841e+01
4.472524885474027201e+02 1.783955534599530068e+01 1.920612558938127279e+01 1.685885542690230920e+01
4.482825044961238063e+02 1.782917087473222395e+01 1.919808755514774745e+01 1.686812740160235435e+01
4.493125204448468821e+02 1.787301180138575063e+01 1.923202234685193091e+01 1.682898318785663605e+01
4.503425363935721748e+02 1.785289851618676238e+01 1.921645378578777752e+01 1.684694172101401932e+01
4.513725523422996275e+02 1.779703035725470173e+01 1.917320939108693878e+01 1.689682468019733363e+01
4.524025682910292403e+02 1.775653395046974126e+01 1.914186340381170837e+01 1.693298267511500654e+01
4.534325842397607857e+02 1.768280480315225489e+01 1.908479382413519332e+01 1.699881316096887218e+01
4.544626001884946618e+02 1.758863460285488500e+01 1.901190197681892613e+01 1.708289483374120721e+01
4.554926161372304705e+02 1.750027751332532588e+01 1.894350973108767988e+01 1.716178615886826364e+01
4.565226320859686666e+02 1.742697855448268029e+01 1.888677313607643882e+01 1.722723254267650006e+01
4.575526480347087954e+02 1.737115641846573055e+01 1.884356436512165089e+01 1.727707440941575356e+01
4.585826639834510843e+02 1.735664875416344088e+01 1.883233479942147426e+01 1.729002785624610894e+01
4.596126799321957037e+02 1.731395831709042454e+01 1.879929053689293994e+01 1.732814483326374244e+01
4.606426958809423127e+02 1.723819250483735388e+01 1.874064448961785700e+01 1.730823426262714193e+01
4.616727118296911385e+02 1.717584450828610798e+01 1.869238441763396708e+01 1.720169737501638352e+01
4.627027277784421244e+02 1.714108045774362665e+01 1.866547552441471325e+01 1.714229444388137580e+01
4.637327437271954409e+02 1.710464069505748697e+01 1.863726955682017206e+01 1.708002814638029676e+01
4.647627596759508037e+02 1.709591906657703930e+01 1.863051863551450893e+01 1.706512509889519080e+01
4.657927756247083266e+02 1.710559829905579932e+01 1.863801078413214540e+01 1.708166444834968090e+01
4.668227915734680664e+02 1.711553096469236479e+01 1.864569910108101070e+01 1.709863685069028350e+01
4.678528075222299663e+02 1.714037781499114033e+01 1.866493164824082385e+01 1.714109380591234455e+01
4.688828234709941398e+02 1.723376017940175942e+01 1.873721367617701006e+01 1.730066054441796197e+01
4.699128394197605303e+02 1.728551453079393951e+01 1.877727380419753445e+01 1.735354141439275466e+01
4.709428553685290240e+02 1.731393059277690583e+01 1.879926907706359529e+01 1.732816958744977853e+01
4.719728713172997914e+02 1.729163273895935760e+01 1.878200956449150283e+01 1.734807865467372068e+01
4.730028872660727757e+02 1.724313181591442401e+01 1.874446773208458339e+01 1.731667429050613904e+01
4.740329032148479769e+02 1.718324996186957776e+01 1.869811656209377659e+01 1.721435141395538793e+01
4.750629191636253381e+02 1.715482822094875104e+01 1.867611689348182225e+01 1.716578587880310280e+01
4.760929351124051436e+02 1.712374068770597191e+01 1.865205378520111168e+01 1.711266518177381712e+01
4.771229510611868818e+02 1.709650437399893974e+01 1.863097168901865075e+01 1.706612524059138636e+01
4.781529670099711211e+02 1.710856287644089591e+01 1.864030549648731849e+01 1.708673015799810102e+01
4.791829829587574636e+02 1.714187843101833408e+01 1.866609319057575789e+01 1.714365797749571030e+01
4.802129989075460799e+02 1.712012316423365377e+01 1.864925366406114904e+01 1.710648375313267167e+01
4.812430148563370835e+02 1.711565179618068200e+01 1.864579262992951669e+01 1.709884332100853754e+01
4.822730308051301904e+02 1.706430557634153544e+01 1.860604841355359085e+01 1.701110567497616444e+01
4.833030467539256279e+02 1.698969632518096518e+01 1.854829759506957387e+01 1.688361741801054805e+01
4.843330627027233959e+02 1.689477575688218280e+01 1.847482493015264993e+01 1.672142227981576568e+01
4.853630786515232671e+02 1.684933471754440859e+01 1.843965158135608817e+01 1.664377508714510157e+01
4.863930946003256963e+02 1.677352744961007858e+01 1.838097344557339596e+01 1.651423972384982264e+01
4.874231105491302856e+02 1.670112809337744508e+01 1.832493318226674006e+01 1.639052761592815344e+01
4.884531264979369780e+02 1.662445068882772503e+01 1.826558152274603941e+01 1.625950541020123552e+01
4.894831424467461716e+02 1.655480687772805126e+01 1.821167417170324754e+01 1.614050182891034169e+01
4.905131583955574683e+02 1.650535173906250819e+01 1.817339373473667052e+01 1.605599556020521845e+01
4.915431743443714367e+02 1.650364597588003690e+01 1.817207339954505230e+01 1.605308084424778414e+01
4.925731902931873947e+02 1.652709129338910898e+01 1.819022109912258145e+01 1.609314293596888135e+01
4.936032062420057400e+02 1.657298217153455155e+01 1.822574264280013523e+01 1.617155878888761578e+01
4.946332221908265296e+02 1.665364072640876358e+01 1.828817588652347936e+01 1.630938376917255184e+01
4.956632381396494225e+02 1.676261419027298416e+01 1.837252610627911764e+01 1.649559173597891260e+01
4.966932540884749301e+02 1.681444453820363094e+01 1.841264505893908066e+01 1.658415663393477857e+01
4.977232700373025409e+02 1.687562206132951914e+01 1.845999913337874077e+01 1.668869347980135842e+01
4.987532859861325392e+02 1.689926377164094973e+01 1.847829884956151503e+01 1.672909115693128967e+01
4.997833019349648680e+02 1.690060900774492225e+01 1.847934012105064028e+01 1.673138982369760441e+01
5.008133178837995274e+02 1.686727988736573280e+01 1.845354192643925018e+01 1.667443882369097707e+01
5.018433338326367448e+02 1.678516404885668578e+01 1.838998068154492316e+01 1.653412371587333851e+01
5.028733497814760653e+02 1.670027654624304958e+01 1.832427404759879863e+01 1.638907253819718335e+01
5.039033657303178870e+02 1.666671843027781819e+01 1.829829860040388212e+01 1.633173024290661957e+01
5.049333816791620393e+02 1.667065991525824842e+01 1.830134948189808597e+01 1.633846523946796481e+01
5.059633976280086358e+02 1.665325281282711245e+01 1.828787562447161719e+01 1.630872092340464974e+01
5.069934135768575061e+02 1.658614564466977370e+01 1.823593174583798060e+01 1.619405182050928005e+01
5.080234295257088206e+02 1.654504579078837523e+01 1.820411866415838986e+01 1.612382261097594593e+01
5.090534454745625226e+02 1.646418225114738121e+01 1.814152675327414954e+01 1.598564736379763573e+01
5.100834614234186120e+02 1.641181270001447601e+01 1.810099043378935590e+01 1.589616110454491427e+01
5.111134773722770319e+02 1.638627291750878712e+01 1.808122152684196848e+01 1.585252010420939506e+01
5.121434933211379530e+02 1.635857924761470628e+01 1.805978541699860074e+01 1.580519865748720321e+01
5.131735092700013183e+02 1.632016343597733510e+01 1.803004990122440532e+01 1.573955579431159357e+01
5.142035252188668437e+02 1.631608338919657442e+01 1.802689176684593519e+01 1.573258403083285017e+01
5.152335411677350976e+02 1.641138514791861169e+01 1.801435966029284330e+01 1.570491868404641878e+01
5.162635571166056252e+02 1.646125883662726253e+01 1.800916598737218166e+01 1.569345335203405156e+01
5.172935730654785402e+02 1.669707591537237690e+01 1.798460881488663077e+01 1.563924197982548137e+01
5.183235890143539564e+02 1.681247287493187059e+01 1.797259177585243251e+01 1.561271367424343026e+01
5.193536049632317599e+02 1.715764778388980005e+01 1.793664645831194093e+01 1.553336231612231977e+01
5.203836209121120646e+02 1.715473790344990235e+01 1.793694948316601767e+01 1.553403126093517805e+01
5.214136368609947567e+02 1.698597869664710913e+01 1.795452348150419652e+01 1.557282687413797539e+01
