0.000000000000000000e+00 4.657555859711666812e+02 4.565171832065814783e+02 4.438361439257968186e+02
1.030015948263549141e+00 4.556063376967582030e+02 4.467330184020858610e+02 4.341604484256321825e+02
2.060031896527102724e+00 4.467758977403656218e+02 4.382202224300527291e+02 4.257420270962434188e+02
3.090047844790666964e+00 4.389606113667013574e+02 4.306860634650905695e+02 4.182913933986881716e+02
4.120063793054244528e+00 4.319509539565354430e+02 4.239285537983843142e+02 4.116087989022805118e+02
5.150079741317841631e+00 4.255962433023610743e+02 4.178024314842713238e+02 4.055505920657720367e+02
6.180095689581463603e+00 4.197844799399096019e+02 4.121997258448462276e+02 4.000099991968513677e+02
7.210111637845115773e+00 4.144301439027065612e+02 4.070379931933017588e+02 3.949054905967250306e+02
8.240127586108798141e+00 4.094664538541140928e+02 4.022528544164405275e+02 3.901734008725550211e+02
9.270143534372520477e+00 4.048402632315854248e+02 3.977930747121677086e+02 3.857630632220146936e+02
1.030015948263628900e+01 4.005085838339555835e+02 3.936172122284885404e+02 3.816334952261775584e+02
1.133017543090010193e+01 3.964361512882748002e+02 3.896912711040995987e+02 3.777510779089931248e+02
1.236019137916397526e+01 3.925936787913016701e+02 3.859870180253839749e+02 3.740878909572840030e+02
1.339020732742790010e+01 3.889565780683797129e+02 3.824807491942875117e+02 3.706204933582759509e+02
1.442022327569189066e+01 3.855040051318560472e+02 3.791523704122186587e+02 3.673290136818799851e+02
1.545023922395594873e+01 3.822181366291671338e+02 3.759846994589644851e+02 3.641964601935820269e+02
1.648025517222007608e+01 3.790836129863843098e+02 3.729629292671851317e+02 3.612081899802985845e+02
1.751027112048428691e+01 3.760871042392121808e+02 3.700742093711144776e+02 3.583514950392235505e+02
1.854028706874857235e+01 3.732169674790164891e+02 3.673073156747601615e+02 3.556152757070483403e+02
1.957030301701295372e+01 3.704629736519470953e+02 3.646523870784664609e+02 3.529897802063374570e+02
2.060031896527741324e+01 3.678160875154500218e+02 3.621007133507163758e+02 3.504663948690283064e+02
2.163033491354198645e+01 3.652682888041167644e+02 3.596445627269087595e+02 3.480374736464848979e+02
2.266035086180665203e+01 3.628124256771283171e+02 3.572770406285157492e+02 3.456961983949237265e+02
2.369036681007143130e+01 3.604420936976367216e+02 3.549919729957542245e+02 3.434364635014840701e+02
2.472038275833631360e+01 3.581515351856037910e+02 3.527838092608516263e+02 3.412527799331526808e+02
2.575039870660131669e+01 3.559355549620345869e+02 3.506475411230846930e+02 3.391401949122791279e+02
2.678041465486644057e+01 3.537894493819979402e+02 3.485786341345865935e+02 3.370942242608370520e+02
2.781043060313168525e+01 3.517089462180703663e+02 3.465729697462722356e+02 3.351107950888410301e+02
2.884044655139706492e+01 3.496901534623726775e+02 3.446267959515416806e+02 3.331861969852236030e+02
2.987046249966258671e+01 3.477295155051049846e+02 3.427366850411378891e+02 3.313170402410318616e+02
3.090047844792823639e+01 3.458237754498700269e+02 3.408994972740435401e+02 3.295002199230763722e+02
3.193049439619403529e+01 3.439699425625402682e+02 3.391123494972603680e+02 3.277328848415981497e+02
3.296051034445999051e+01 3.421652640367049685e+02 3.373725879268956191e+02 3.260124106331094822e+02
3.399052629272609494e+01 3.404072004065069450e+02 3.356777644454343204e+02 3.243363763204399106e+02
3.502054224099235569e+01 3.386934040556664627e+02 3.340256158838263900e+02 3.227025438245064493e+02
3.605055818925877986e+01 3.370217003662936008e+02 3.324140458484031910e+02 3.211088399927006662e+02
3.708057413752538878e+01 3.353900711276962738e+02 3.308411087264959178e+02 3.195533407818239766e+02
3.811059008579216112e+01 3.337966398876541803e+02 3.293049955646457647e+02 3.180342572928553295e+02
3.914060603405912531e+01 3.322396589794852844e+02 3.278040215623258291e+02 3.165499234033200651e+02
4.017062198232624581e+01 3.307174979999925313e+02 3.263366149643532026e+02 3.150987847828429835e+02
4.120063793059357238e+01 3.292286335478236765e+02 3.249013071683751264e+02 3.136793891103054648e+02
4.223065387886109789e+01 3.277716400603287070e+02 3.234967238913383767e+02 3.122903773382442978e+02
4.326066982712881526e+01 3.263451816107535706e+02 3.221215772617499624e+02 3.109304758727802778e+02
4.429068577539673868e+01 3.249480045474708731e+02 3.207746587236856612e+02 3.095984895562936572e+02
4.532070172366486105e+01 3.235789308736054295e+02 3.194548326545596524e+02 3.082932953559492830e+02
4.635071767193321080e+01 3.222368522794457704e+02 3.181610306122001361e+02 3.070138366745490544e+02
4.738073362020176660e+01 3.209207247518929762e+02 3.168922461382031770e+02 3.057591182114983894e+02
4.841074956847054978e+01 3.196295636952600034e+02 3.156475300542447258e+02 3.045282013112632740e+02
4.944076551673956743e+01 3.183624395062947201e+02 3.144259861962763694e+02 3.033201997448580300e+02
5.047078146500881246e+01 3.171184735536095900e+02 3.132267675385810435e+02 3.021342758768703902e+02
5.150079741327829197e+01 3.158968345179628727e+02 3.120490726656994980e+02 3.009696371765010099e+02
5.253081336154800596e+01 3.146967350552105245e+02 3.108921425554209463e+02 2.998255330362188715e+02
5.356082930981798285e+01 3.135174287483807234e+02 3.097552576404959268e+02 2.987012518660477554e+02
5.459084525808820132e+01 3.123582073193224460e+02 3.086377351205859441e+02 2.975961184353170665e+02
5.562086120635867559e+01 3.112183980738439573e+02 3.075389264993041820e+02 2.965094914370073411e+02
5.665087715462942697e+01 3.100973615572664244e+02 3.064582153241021842e+02 2.954407612526920275e+02
5.768089310290042704e+01 3.089944893999306146e+02 3.053950151092772671e+02 2.943893478985721686e+02
5.871090905117169712e+01 3.079092023344858831e+02 3.043487674245818653e+02 2.933546991352752116e+02
5.974092499944325141e+01 3.068409483687801185e+02 3.033189401338379412e+02 2.923362887259964964e+02
6.077094094771508992e+01 3.057892010999257764e+02 3.023050257696482959e+02 2.913336148292287362e+02
6.180095689598720554e+01 3.047534581566479801e+02 3.013065400317759099e+02 2.903461985137889201e+02
6.283097284425960538e+01 3.037332397583804209e+02 3.003230203980707529e+02 2.893735823851448572e+02
6.386098879253230365e+01 3.027280873807603712e+02 2.993540248379696891e+02 2.884153293131768692e+02
6.489100474080531455e+01 3.017375625182340286e+02 2.983991306196120945e+02 2.874710212525184261e+02
6.592102068907864520e+01 3.007612455354117742e+02 2.974579332025140275e+02 2.865402581475062789e+02
6.695103663735227428e+01 2.997987345996452859e+02 2.965300452085417078e+02 2.856226569145620147e+02
6.798105258562618758e+01 2.988496446880278654e+02 2.956150954646316791e+02 2.847178504955246581e+02
6.901106853390045615e+01 2.979136066626786601e+02 2.947127281113386630e+02 2.838254869760814358e+02
7.004108448217502314e+01 2.969902664087511539e+02 2.938226017718509979e+02 2.829452287639954875e+02
7.107110043044993120e+01 2.960792840301304523e+02 2.929443887766194621e+02 2.820767518223312322e+02
7.210111637872518031e+01 2.951803330982450007e+02 2.920777744391910460e+02 2.812197449533156259e+02
7.313113232700075628e+01 2.942930999498404390e+02 2.912224563792426579e+02 2.803739091288771306e+02
7.416114827527668751e+01 2.934172830299345947e+02 2.903781438891707012e+02 2.795389568642577842e+02
7.519116422355295981e+01 2.925525922765096993e+02 2.895445573409170947e+02 2.787146116314148685e+02
7.622118017182958738e+01 2.916987485437989562e+02 2.887214276300011875e+02 2.779006073092165821e+02
7.725119612010655601e+01 2.908554830613012996e+02 2.879084956539942368e+02 2.770966876676978359e+02
7.828121206838393675e+01 2.900225369258971568e+02 2.871055118229049299e+02 2.763026058838743779e+02
7.931122801666163014e+01 2.891996606246670467e+02 2.863122355991622499e+02 2.755181240868254804e+02
8.034124396493972142e+01 2.883866135862112401e+02 2.855284350650756551e+02 2.747430129299483497e+02
8.137125991321819640e+01 2.875831637584511213e+02 2.847538865158229555e+02 2.739770511884597113e+02
8.240127586149702665e+01 2.867890872110599503e+02 2.839883740761823674e+02 2.732200253803757164e+02
8.343129180977629744e+01 2.860041677608174950e+02 2.832316893393639248e+02 2.724717294093477449e+02
8.446130775805589508e+01 2.852281966183213626e+02 2.824836310264287249e+02 2.717319642278574747e+02
8.549132370633593325e+01 2.844609720546098401e+02 2.817440046649040823e+02 2.710005375193949817e+02
8.652133965461635512e+01 2.837022990863649738e+02 2.810126222853103286e+02 2.702772633983496462e+02
8.755135560289720331e+01 2.829519891784669881e+02 2.802893021344150952e+02 2.695619621264434045e+02
8.858137155117843520e+01 2.822098599627648241e+02 2.795738684041189117e+02 2.688544598446224541e+02
8.961138749946010762e+01 2.814757349720127877e+02 2.788661509749642278e+02 2.681545883194092426e+02
9.064140344774219216e+01 2.807494433880030442e+02 2.781659851733267033e+02 2.674621847027857484e+02
9.167141939602468881e+01 2.800308198029948699e+02 2.774732115414266787e+02 2.667770913047546628e+02
9.270143534430764021e+01 2.793197039936058559e+02 2.767876756193536494e+02 2.660991553777805620e+02
9.373145129259100372e+01 2.786159407063929621e+02 2.761092277383605733e+02 2.654282289123755163e+02
9.476146724087482198e+01 2.779193794544056573e+02 2.754377228247352605e+02 2.647641684431449107e+02
9.579148318915910920e+01 2.772298743240438057e+02 2.747730202136052640e+02 2.641068348646566619e+02
9.682149913744382275e+01 2.765472837915999662e+02 2.741149834720803256e+02 2.634560932565440226e+02
9.785151508572899104e+01 2.758714705489099401e+02 2.734634802311740600e+02 2.628118127172912182e+02
9.888153103401462829e+01 2.752023013375743403e+02 2.728183820259886261e+02 2.621738662061890182e+02
9.991154698230072029e+01 2.745396467912491403e+02 2.721795641436788173e+02 2.615421303929850296e+02
1.009415629305872670e+02 2.738833812855393717e+02 2.715469054787449750e+02 2.609164855147806179e+02
1.019715788788743112e+02 2.732333827950617433e+02 2.709202883952371508e+02 2.602968152397626227e+02
1.030015948271618242e+02 2.725895327572654310e+02 2.702995985954748903e+02 2.596830065373787306e+02
1.040316107754498347e+02 2.719517159426355306e+02 2.696847249949194065e+02 2.590749495545965715e+02
1.050616267237383141e+02 2.713198203309205496e+02 2.690755596028531613e+02 2.584725374979065009e+02
1.060916426720272767e+02 2.706937369930523687e+02 2.684719974085479066e+02 2.578756665207511105e+02
1.071216586203167793e+02 2.700733599784481385e+02 2.678739362726198010e+02 2.572842356160851978e+02
1.081516745686067793e+02 2.694585862074007991e+02 2.672812768232914209e+02 2.566981465137877763e+02
1.091816905168972767e+02 2.688493153682869092e+02 2.666939223572965716e+02 2.561173035826654427e+02
1.102117064651882714e+02 2.682454498193335439e+02 2.661117787451815389e+02 2.555416137368031571e+02
1.112417224134797920e+02 2.676468944947049522e+02 2.655347543407690978e+02 2.549709863460325323e+02
1.122717383617718525e+02 2.670535568146822243e+02 2.649627598945697855e+02 2.544053331503027380e+02
1.133017543100644389e+02 2.664653465997240573e+02 2.643957084709338687e+02 2.538445681777508867e+02
1.143317702583575226e+02 2.658821759882098377e+02 2.638335153687529555e+02 2.532886076662827861e+02
1.153617862066511890e+02 2.653039593576756943e+02 2.632760980455299205e+02 2.527373699884848293e+02
1.163918021549453670e+02 2.647306132493678774e+02 2.627233760446459883e+02 2.521907755796970889e+02
1.174218181032401276e+02 2.641620562959489575e+02 2.621752709256667799e+02 2.516487468690925198e+02
1.184518340515353998e+02 2.635982091521955226e+02 2.616317061975343563e+02 2.511112082136088191e+02
1.194818499998312546e+02 2.630389944285457773e+02 2.610926072545036618e+02 2.505780858345960951e+02
1.205118659481276495e+02 2.624843366273525476e+02 2.605579013146895591e+02 2.500493077570443461e+02
1.215418818964246270e+02 2.619341620817135663e+02 2.600275173610973525e+02 2.495248037512681947e+02
1.225718978447221588e+02 2.613883988967545520e+02 2.595013860850175433e+02 2.490045052769290805e+02
1.236019137930203016e+02 2.608469768932465058e+02 2.589794398316718116e+02 2.484883454292837826e+02
1.246319297413190128e+02 2.603098275534484856e+02 2.584616125480037567e+02 2.479762588875538825e+02
1.256619456896182498e+02 2.597768839690709228e+02 2.579478397325138985e+02 2.474681818653171206e+02
1.266919616379181264e+02 2.592480807912593832e+02 2.574380583870427017e+02 2.469640520628247202e+02
1.277219775862186424e+02 2.587233541825074212e+02 2.569322069704132332e+02 2.464638086211581935e+02
1.287519935345196984e+02 2.582026417704072969e+02 2.564302253538455716e+02 2.459673920781378342e+02
1.297820094828213655e+02 2.576858826031582907e+02 2.559320547780654067e+02 2.454747443259069826e+02
1.308120254311236863e+02 2.571730171067493984e+02 2.554376378120269635e+02 2.449858085701125958e+02
1.318420413794266040e+02 2.566639870437442710e+02 2.549469183131805607e+02 2.445005292906129739e+02
1.328720573277300900e+02 2.561587354735952999e+02 2.544598413892144322e+02 2.440188522036440872e+02
1.339020732760342582e+02 2.556572067144199991e+02 2.539763533612056392e+02 2.435407242253787672e+02
1.349320892243389949e+02 2.551593463061756495e+02 2.534964017281197357e+02 2.430660934368200685e+02
1.359621051726444136e+02 2.546651009751696506e+02 2.530199351325977943e+02 2.425949090499674980e+02
1.369921211209504861e+02 2.541744185998513785e+02 2.525469033279782138e+02 2.421271213752045526e+02
1.380221370692571838e+02 2.536872481778256940e+02 2.520772571464975158e+02 2.416626817898519164e+02
1.390521530175645353e+02 2.532035397940404380e+02 2.516109484686218991e+02 2.412015427078389394e+02
1.400821689658725404e+02 2.527232445900957885e+02 2.511479301934602972e+02 2.407436575504449365e+02
1.411121849141811708e+02 2.522463147346280437e+02 2.506881562102139753e+02 2.402889807180652042e+02
1.421422008624905118e+02 2.517727033947252551e+02 2.502315813706200345e+02 2.398374675629600290e+02
1.431722168108005064e+02 2.513023647083290939e+02 2.497781614623462758e+02 2.393890743629442284e+02
1.442022327591111264e+02 2.508352537575847805e+02 2.493278531832995384e+02 2.389437582959808424e+02
1.452322487074224853e+02 2.503713265430983199e+02 2.488806141168090846e+02 2.385014774156392718e+02
1.462622646557344979e+02 2.499105399590659147e+02 2.484364027076507000e+02 2.380621906273851778e+02
1.472922806040472494e+02 2.494528517692389471e+02 2.479951782388760080e+02 2.376258576656668140e+02
1.483222965523605978e+02 2.489982205836918752e+02 2.475569008094163053e+02 2.371924390717671827e+02
1.493523125006747136e+02 2.485466058363609818e+02 2.471215313124291981e+02 2.367618961723905215e+02
1.503823284489895400e+02 2.480979677633232257e+02 2.466890314143588512e+02 2.363341910589547581e+02
1.514123443973050200e+02 2.476522673817862312e+02 2.462593635346814551e+02 2.359092865675617077e+02
1.524423603456212675e+02 2.472094664697617361e+02 2.458324908263102202e+02 2.354871462596191236e+02
1.534723762939381686e+02 2.467695275463958353e+02 2.454083771566330654e+02 2.350677344030886218e+02
1.545023922422558655e+02 2.463324138529310972e+02 2.449869870891592996e+02 2.346510159543359748e+02
1.555324081905742446e+02 2.458980893342759941e+02 2.445682858657524434e+02 2.342369565405606124e+02
1.565624241388933626e+02 2.454665186211578884e+02 2.441522393894248637e+02 2.338255224427812777e+02
1.575924400872132196e+02 2.450376670128398757e+02 2.437388142076765121e+02 2.334166805793593369e+02
1.586224560355337871e+02 2.446115004603766749e+02 2.433279774963530429e+02 2.330103984900359251e+02
1.596524719838551505e+02 2.441879855503935062e+02 2.429196970440081031e+02 2.326066443204675522e+02
1.606824879321772244e+02 2.437670894893645368e+02 2.425139412367475131e+02 2.322053868072383409e+02
1.617125038805000941e+02 2.433487800883759746e+02 2.421106790435403298e+02 2.318065952633338043e+02
1.627425198288236459e+02 2.429330257483535149e+02 2.417098800019777514e+02 2.314102395640578038e+02
1.637725357771480788e+02 2.425197954457387937e+02 2.413115142044645722e+02 2.310162901333770549e+02
1.648025517254731938e+02 2.421090587185980496e+02 2.409155522848278395e+02 2.306247179306781447e+02
1.658325676737991046e+02 2.417007856531463119e+02 2.405219654053257727e+02 2.302354944379204937e+02
1.668625836221257828e+02 2.412949468706752043e+02 2.401307252440454931e+02 2.298485916471739756e+02
1.678925995704532852e+02 2.408915135148663467e+02 2.397418039826730762e+02 2.294639820485243149e+02
1.689226155187815550e+02 2.404904572394798379e+02 2.393551742946248453e+02 2.290816386183360009e+02
1.699526314671105922e+02 2.400917501964023870e+02 2.389708093335252386e+02 2.287015348078581098e+02
1.709826474154404821e+02 2.396953650240441789e+02 2.385886827220213888e+02 2.283236445321626320e+02
1.720126633637710825e+02 2.393012748360707462e+02 2.382087685409200049e+02 2.279479421594018902e+02
1.730426793121025923e+02 2.389094532104607254e+02 2.378310413186388530e+02 2.275744025003769195e+02
1.740726952604348696e+02 2.385198741788747725e+02 2.374554760209582582e+02 2.272030007984026270e+02
1.751027112087680280e+02 2.381325122163284220e+02 2.370820480410651214e+02 2.268337127194623406e+02
1.761327271571018969e+02 2.377473422311567788e+02 2.367107331898788516e+02 2.264665143426406075e+02
1.771627431054366753e+02 2.373643395552612674e+02 2.363415076866488391e+02 2.261013821508252022e+02
1.781927590537722494e+02 2.369834799346295426e+02 2.359743481498154836e+02 2.257382930216694206e+02
1.792227750021086763e+02 2.366047395201192387e+02 2.356092315881253114e+02 2.253772242188056794e+02
1.802527909504459842e+02 2.362280948584961777e+02 2.352461353919916860e+02 2.250181533833018364e+02
1.812828068987840311e+02 2.358535228837197337e+02 2.348850373250935775e+02 2.246610585253535248e+02
1.823128228471230443e+02 2.354810009084664273e+02 2.345259155162040088e+02 2.243059180162027815e+02
1.833428387954628249e+02 2.351105066158843613e+02 2.341687484512413562e+02 2.239527105802774827e+02
1.843728547438035434e+02 2.347420180515705965e+02 2.338135149655349210e+02 2.236014152875430057e+02
1.854028706921451146e+02 2.343755136157647314e+02 2.334601942362997136e+02 2.232520115460601460e+02
1.864328866404875100e+02 2.340109720557512958e+02 2.331087657753118378e+02 2.229044790947416459e+02
1.874629025888308149e+02 2.336483724584650759e+02 2.327592094217799286e+02 2.225587979963030421e+02
1.884929185371750009e+02 2.332876942432913552e+02 2.324115053354044562e+02 2.222149486303983963e+02
1.895229344855200395e+02 2.329289171550570643e+02 2.320656339896208920e+02 2.218729116869389202e+02
1.905529504338660161e+02 2.325720212572049945e+02 2.317215761650194281e+02 2.215326681595850857e+02
1.915829663822128737e+02 2.322169869251458181e+02 2.313793129429362807e+02 2.211941993394094084e+02
1.926129823305606124e+02 2.318637948397835657e+02 2.310388256992118556e+02 2.208574868087236780e+02
1.936429982789093174e+02 2.315124259812066043e+02 2.307000960981089577e+02 2.205225124350645558e+02
1.946730142272589319e+02 2.311628616225428630e+02 2.303631060863887967e+02 2.201892583653351778e+02
1.957030301756093706e+02 2.308150833239698159e+02 2.300278378875365206e+02 2.198577070200948640e+02
1.967330461239607473e+02 2.304690729268779421e+02 2.296942739961345694e+02 2.195278410879948581e+02
1.977630620723131187e+02 2.301248125481816089e+02 2.293623971723784791e+02 2.191996435203546980e+02
1.987930780206663997e+02 2.297822845747731435e+02 2.290321904367299908e+02 2.188730975258749254e+02
1.998230939690205616e+02 2.294414716581150628e+02 2.287036370647042247e+02 2.185481865654817852e+02
2.008531099173757184e+02 2.291023567089684434e+02 2.283767205817874526e+02 2.182248943473014151e+02
2.018831258657317846e+02 2.287649228922500981e+02 2.280514247584793281e+02 2.179032048217571855e+02
2.029131418140888172e+02 2.284291536220183900e+02 2.277277336054590648e+02 2.175831021767892253e+02
2.039431577624467877e+02 2.280950325565809180e+02 2.274056313688691091e+02 2.172645708331906178e+02
2.049731737108058098e+02 2.277625435937222846e+02 2.270851025257145466e+02 2.169475954400575404e+02
2.060031896591655993e+02 2.274316708660474831e+02 2.267661317793740068e+02 2.166321608703502761e+02
2.070332056075264688e+02 2.271023987364380048e+02 2.264487040552193093e+02 2.163182522165610635e+02
2.080632215558883615e+02 2.267747117936177403e+02 2.261328044963407535e+02 2.160058547864870206e+02
2.090932375042511637e+02 2.264485948478246939e+02 2.258184184593744988e+02 2.156949540991037395e+02
2.101232534526149891e+02 2.261240329265856417e+02 2.255055315104293356e+02 2.153855358805371623e+02
2.111532694009798377e+02 2.258010112705919994e+02 2.251941294211108016e+02 2.150775860601317504e+02
2.121832853493455104e+02 2.254795153296715853e+02 2.248841981646380077e+02 2.147710907666105413e+02
2.132133012977123769e+02 2.251595307588568176e+02 2.245757239120530642e+02 2.144660363243262395e+02
2.142433172460800961e+02 2.248410434145436909e+02 2.242686930285182711e+02 2.141624092495999037e+02
2.152733331944488668e+02 2.245240393507403098e+02 2.239630920696996839e+02 2.138601962471443301e+02
2.163033491428187745e+02 2.242085048154030744e+02 2.236589077782350330e+02 2.135593842065710817e+02
2.173333650911895347e+02 2.238944262468564830e+02 2.233561270802824481e+02 2.132599601989776659e+02
2.183633810395614034e+02 2.235817902702959543e+02 2.230547370821486766e+02 2.129619114736130143e+02
2.193933969879342669e+02 2.232705836943699182e+02 2.227547250669947232e+02 2.126652254546197014e+02
2.204234129363081820e+02 2.229607935078402363e+02 2.224560784916158980e+02 2.123698897378496042e+02
2.214534288846831487e+02 2.226524068763182527e+02 2.221587849832954191e+02 2.120758920877524929e+02
2.224834448330590817e+02 2.223454111390736330e+02 2.218628323367281610e+02 2.117832204343338276e+02
2.235134607814360947e+02 2.220397938059159060e+02 2.215682085110143476e+02 2.114918628701817340e+02
2.245434767298142162e+02 2.217355425541453826e+02 2.212749016267199806e+02 2.112018076475601163e+02
2.255734926781933325e+02 2.214326452255713491e+02 2.209828999630023816e+02 2.109130431755660879e+02
2.266035086265735288e+02 2.211310898235969944e+02 2.206921919548002222e+02 2.106255580173509543e+02
2.276335245749547482e+02 2.208308645103686843e+02 2.204027661900848329e+02 2.103393408874021588e+02
2.286635405233370761e+02 2.205319576039869105e+02 2.201146114071719069e+02 2.100543806488848873e+02
2.296935564717205125e+02 2.202343575757792848e+02 2.198277164920924918e+02 2.097706663110419072e+02
2.307235724201050289e+02 2.199380530476321951e+02 2.195420704760205979e+02 2.094881870266499675e+02
2.317535883684905968e+02 2.196430327893809817e+02 2.192576625327571662e+02 2.092069320895315059e+02
2.327836043168772733e+02 2.193492857162551104e+02 2.189744819762672137e+02 2.089268909321191927e+02
2.338136202652649729e+02 2.190568008863801595e+02 2.186925182582717468e+02 2.086480531230744191e+02
2.348436362136538378e+02 2.187655674983314213e+02 2.184117609658892150e+02 2.083704083649550967e+02
2.358736521620437259e+02 2.184755748887406526e+02 2.181321998193286333e+02 2.080939464919340764e+02
2.369036681104348361e+02 2.181868125299532721e+02 2.178538246696306260e+02 2.078186574675655152e+02
2.379336840588269695e+02 2.178992700277352697e+02 2.175766254964572113e+02 2.075445313825990183e+02
2.389637000072203534e+02 2.176129371190279471e+02 2.173005924059270342e+02 2.072715584528388604e+02
2.399937159556147037e+02 2.173278036697500113e+02 2.170257156284966982e+02 2.069997290170488782e+02
2.410237319040102477e+02 2.170438596726455387e+02 2.167519855168861227e+02 2.067290335349007080e+02
2.420537478524069286e+02 2.167610952451762500e+02 2.164793925440465046e+02 2.064594625849644558e+02
2.430837638008047463e+02 2.164795006274579237e+02 2.162079273011711109e+02 2.061910068627413466e+02
2.441137797492037578e+02 2.161990661802388161e+02 2.159375804957463174e+02 2.059236571787365904e+02
2.451437956976038492e+02 2.159197823829198626e+02 2.156683429496431188e+02 2.056574044565717543e+02
2.461738116460050776e+02 2.156416398316155778e+02 2.154002055972476342e+02 2.053922397311363568e+02
2.472038275944075281e+02 2.153646292372532969e+02 2.151331594836289867e+02 2.051281541467756426e+02
2.482338435428110870e+02 2.150887414237127473e+02 2.148671957627453821e+02 2.048651389555170397e+02
2.492638594912158965e+02 2.148139673260012614e+02 2.146023056956854873e+02 2.046031855153304946e+02
2.502938754396217860e+02 2.145402979884669890e+02 2.143384806489453922e+02 2.043422852884249608e+02
2.513238913880288408e+02 2.142677245630476648e+02 2.140757120927407868e+02 2.040824298395791629e+02
2.523539073364371745e+02 2.139962383075535683e+02 2.138139915993514251e+02 2.038236108345042510e+02
2.533839232848466168e+02 2.137258305839855836e+02 2.135533108414997230e+02 2.035658200382406449e+02
2.544139392332572527e+02 2.134564928568857169e+02 2.132936615907607916e+02 2.033090493135855183e+02
2.554439551816691107e+02 2.131882166917207826e+02 2.130350357160041028e+02 2.030532906195516603e+02
2.564739711300820773e+02 2.129209937532974095e+02 2.127774251818655102e+02 2.027985360098567753e+02
2.575039870784964364e+02 2.126548158042079990e+02 2.125208220472490552e+02 2.025447776314415478e+02
2.585340030269118756e+02 2.123896747033072643e+02 2.122652184638585595e+02 2.022920077230175764e+02
2.595640189753285654e+02 2.121255624042181296e+02 2.120106066747570992e+02 2.020402186136429918e+02
2.605940349237464488e+02 2.118624709538662785e+02 2.117569790129541332e+02 2.017894027213251604e+02
2.616240508721655829e+02 2.116003924910437775e+02 2.115043279000209395e+02 2.015395525516514112e+02
2.626540668205860243e+02 2.113393192449989328e+02 2.112526458447313757e+02 2.012906606964448883e+02
2.636840827690075457e+02 2.110792435340541147e+02 2.110019254417290142e+02 2.010427198324464939e+02
2.647140987174303177e+02 2.108201577642497284e+02 2.107521593702202836e+02 2.007957227200224679e+02
2.657441146658543971e+02 2.105620544280133117e+02 2.105033403926912001e+02 2.005496622018955293e+02
2.667741306142797271e+02 2.103049261028546084e+02 2.102554613536494799e+02 2.003045312019006019e+02
2.678041465627063644e+02 2.100487654500844883e+02 2.100085151783893593e+02 2.000603227237636190e+02
2.688341625111341955e+02 2.097935652135582245e+02 2.097624948717805466e+02 1.998170298499038040e+02
2.698641784595632203e+02 2.095393182184424177e+02 2.095173935170788866e+02 1.995746457402574379e+02
2.708941944079936661e+02 2.092860173700041457e+02 2.092732042747595358e+02 1.993331636311240800e+02
2.719242103564253057e+02 2.090336556524235618e+02 2.090299203813721363e+02 1.990925768340343893e+02
2.729542263048582527e+02 2.087822261276278084e+02 2.087875351484163673e+02 1.988528787346382956e+02
2.739842422532923933e+02 2.085317219341459349e+02 2.085460419612387852e+02 1.986140627916135486e+02
2.750142582017278983e+02 2.082821362859863257e+02 2.083054342779497574e+02 1.983761225355954707e+02
2.760442741501647106e+02 2.080334624715327720e+02 2.080657056283598934e+02 1.981390515681244722e+02
2.770742900986027735e+02 2.077856938524620034e+02 2.078268496129362006e+02 1.979028435606142580e+02
2.781043060470422006e+02 2.075388238626804878e+02 2.075888599017773402e+02 1.976674922533378549e+02
2.791343219954828783e+02 2.072928460072799055e+02 2.073517302336063040e+02 1.974329914544322833e+02
2.801643379439248065e+02 2.070477538615122057e+02 2.071154544147828460e+02 1.971993350389212480e+02
2.811943538923682127e+02 2.068035410697826251e+02 2.068800263183322556e+02 1.969665169477549682e+02
2.822243698408128694e+02 2.065602013446606975e+02 2.066454398829923207e+02 1.967345311868675708e+02
2.832543857892587198e+02 2.063177284659090844e+02 2.064116891122767754e+02 1.965033718262512252e+02
2.842844017377061050e+02 2.060761162795293728e+02 2.061787680735556876e+02 1.962730329990462508e+02
2.853144176861547407e+02 2.058353586968251250e+02 2.059466708971519893e+02 1.960435089006481917e+02
2.863444336346047407e+02 2.055954496934809583e+02 2.057153917754538099e+02 1.958147937878294726e+02
2.873744495830559913e+02 2.053563833086583372e+02 2.054849249620428679e+02 1.955868819778778800e+02
2.884044655315087198e+02 2.051181536441065987e+02 2.052552647708372433e+02 1.953597678477485147e+02
2.894344814799627557e+02 2.048807548632900364e+02 2.050264055752500951e+02 1.951334458332321162e+02
2.904644974284181558e+02 2.046441811905297925e+02 2.047983418073622488e+02 1.949079104281366028e+02
2.914945133768749201e+02 2.044084269101608413e+02 2.045710679571095909e+02 1.946831561834835895e+02
2.925245293253329919e+02 2.041734863657032122e+02 2.043445785714840497e+02 1.944591777067182932e+02
2.935545452737925416e+02 2.039393539590476223e+02 2.041188682537487296e+02 1.942359696609330229e+02
2.945845612222535124e+02 2.037060241496555761e+02 2.038939316626664322e+02 1.940135267641047392e+02
2.956145771707156769e+02 2.034734914537719703e+02 2.036697635117408538e+02 1.937918437883443232e+02
2.966445931191793193e+02 2.032417504436525064e+02 2.034463585684716236e+02 1.935709155591600279e+02
2.976746090676444396e+02 2.030107957468026711e+02 2.032237116536209385e+02 1.933507369547320991e+02
2.987046250161109242e+02 2.027806220452312971e+02 2.030018176404934991e+02 1.931313029052009824e+02
2.997346409645787730e+02 2.025512240747151509e+02 2.027806714542280133e+02 1.929126083919662733e+02
3.007646569130479861e+02 2.023225966240767377e+02 2.025602680711008361e+02 1.926946484469983432e+02
3.017946728615186203e+02 2.020947345344742700e+02 2.023406025178411483e+02 1.924774181521612206e+02
3.028246888099907324e+02 2.018676326987024368e+02 2.021216698709575610e+02 1.922609126385462446e+02
3.038547047584642655e+02 2.016412860605066157e+02 2.019034652560762879e+02 1.920451270858180521e+02
3.048847207069392766e+02 2.014156896139064372e+02 2.016859838472895774e+02 1.918300567215698607e+02
3.059147366554155951e+02 2.011908384025320800e+02 2.014692208665154567e+02 1.916156968206905731e+02
3.069447526038934484e+02 2.009667275189706288e+02 2.012531715828679637e+02 1.914020427047418025e+02
3.079747685523727228e+02 2.007433521041235736e+02 2.010378313120375537e+02 1.911890897413451853e+02
3.090047845008534182e+02 2.005207073465745680e+02 2.008231954156816244e+02 1.909768333435798127e+02
3.100348004493356484e+02 2.002987884819673923e+02 2.006092593008249310e+02 1.907652689693891261e+02
3.110648163978192429e+02 2.000775907923946875e+02 2.003960184192701490e+02 1.905543921209981306e+02
3.120948323463042584e+02 1.998571096057958698e+02 2.001834682670176733e+02 1.903441983443393610e+02
3.131248482947908656e+02 1.996373402953648792e+02 1.999716043836945687e+02 1.901346832284885409e+02
3.141548642432788938e+02 1.994182782789678470e+02 1.997604223519929292e+02 1.899258424051091083e+02
3.151848801917684000e+02 1.991999190185696875e+02 1.995499177971176152e+02 1.897176715479057236e+02
3.162148961402593272e+02 1.989822580196701836e+02 1.993400863862422057e+02 1.895101663720865588e+02
3.172449120887517893e+02 1.987652908307485689e+02 1.991309238279737599e+02 1.893033226338340000e+02
3.182749280372458429e+02 1.985490130427180873e+02 1.989224258718267890e+02 1.890971361297843600e+02
3.193049439857412608e+02 1.983334202883869750e+02 1.987145883077039912e+02 1.888916026965142692e+02
3.203349599342381566e+02 1.981185082419308969e+02 1.985074069653872471e+02 1.886867182100376397e+02
3.213649758827365872e+02 1.979042726183709817e+02 1.983008777140347547e+02 1.884824785853079447e+02
3.223949918312366094e+02 1.976907091730618333e+02 1.980949964616873160e+02 1.882788797757303030e+02
3.234250077797381095e+02 1.974778137011865056e+02 1.978897591547813590e+02 1.880759177726799010e+02
3.244550237282411445e+02 1.972655820372602591e+02 1.976851617776709418e+02 1.878735886050289992e+02
3.254850396767456573e+02 1.970540100546409690e+02 1.974812003521552413e+02 1.876718883386799916e+02
3.265150556252517049e+02 1.968430936650481442e+02 1.972778709370153081e+02 1.874708130761070777e+02
3.275450715737592873e+02 1.966328288180886261e+02 1.970751696275565905e+02 1.872703589559039870e+02
3.285750875222684613e+02 1.964232115007899040e+02 1.968730925551591895e+02 1.870705221523391799e+02
3.296051034707791700e+02 1.962142377371408770e+02 1.966716358868349630e+02 1.868712988749177271e+02
3.306351194192913567e+02 1.960059035876389260e+02 1.964707958247910256e+02 1.866726853679499811e+02
3.316651353678051919e+02 1.957982051488444029e+02 1.962705686060002392e+02 1.864746779101264735e+02
3.326951513163205618e+02 1.955911385529419988e+02 1.960709505017782988e+02 1.862772728140998879e+02
3.337251672648374665e+02 1.953846999673085065e+02 1.958719378173671544e+02 1.860804664260730021e+02
3.347551832133557923e+02 1.951788855940868075e+02 1.956735268915242614e+02 1.858842551253925706e+02
3.357851991618759939e+02 1.949736916697673621e+02 1.954757140961190203e+02 1.856886353241502832e+02
3.368152151103975598e+02 1.947691144647745887e+02 1.952784958357341907e+02 1.854936034667883575e+02
3.378452310589208309e+02 1.945651502830603761e+02 1.950818685472740412e+02 1.852991560297123215e+02
3.388752470074455232e+02 1.943617954617035366e+02 1.948858286995779849e+02 1.851052895209088547e+02
3.399052629559720344e+02 1.941590463705150569e+02 1.946903727930403818e+02 1.849120004795695706e+02
3.409352789045000236e+02 1.939568994116490614e+02 1.944954973592351735e+02 1.847192854757201417e+02
3.419652948530296044e+02 1.937553510192200008e+02 1.943011989605469125e+02 1.845271411098552790e+02
3.429953108015608336e+02 1.935543976589250406e+02 1.941074741898068794e+02 1.843355640125788284e+02
3.440253267500935408e+02 1.933540358276723623e+02 1.939143196699347413e+02 1.841445508442494656e+02
3.450553426986280670e+02 1.931542620532144099e+02 1.937217320535847591e+02 1.839540982946308532e+02
3.460853586471640710e+02 1.929550728937873316e+02 1.935297080227983884e+02 1.837642030825480219e+02
3.471153745957018373e+02 1.927564649377548847e+02 1.933382442886610022e+02 1.835748619555479024e+02
3.481453905442411383e+02 1.925584348032577964e+02 1.931473375909638150e+02 1.833860716895651422e+02
3.491754064927820309e+02 1.923609791378682985e+02 1.929569846978708938e+02 1.831978290885925560e+02
3.502054224413246288e+02 1.921640946182496066e+02 1.927671824055907450e+02 1.830101309843566355e+02
3.512354383898688752e+02 1.919677779498205439e+02 1.925779275380531317e+02 1.828229742359976058e+02
3.522654543384147132e+02 1.917720258664242863e+02 1.923892169465897268e+02 1.826363557297540581e+02
3.532954702869623134e+02 1.915768351300026779e+02 1.922010475096201674e+02 1.824502723786520733e+02
3.543254862355114483e+02 1.913822025302746397e+02 1.920134161323418596e+02 1.822647211221986652e+02
3.553555021840625159e+02 1.911881248844195795e+02 1.918263197464250709e+02 1.820796989260802263e+02
3.563855181326148340e+02 1.909945990367648676e+02 1.916397553097112336e+02 1.818952027818642989e+02
3.574155340811691985e+02 1.908016218584779722e+02 1.914537198059166485e+02 1.817112297067062912e+02
3.584455500297249841e+02 1.906091902472632285e+02 1.912682102443399117e+02 1.815277767430602580e+02
3.594755659782826456e+02 1.904173011270622453e+02 1.910832236595728091e+02 1.813448409583932346e+02
3.605055819268419555e+02 1.902259514477591154e+02 1.908987571112167245e+02 1.811624194449044296e+02
3.615355978754028570e+02 1.900351381848894050e+02 1.907148076836016060e+02 1.809805093192475738e+02
3.625656138239654638e+02 1.898448583393532090e+02 1.905313724855097348e+02 1.807991077222575029e+02
3.635956297725300033e+02 1.896551089371325816e+02 1.903484486499028776e+02 1.806182118186806349e+02
3.646256457210960207e+02 1.894658870290123787e+02 1.901660333336535302e+02 1.804378187969089709e+02
3.656556616696638571e+02 1.892771896903054483e+02 1.899841237172799140e+02 1.802579258687180754e+02
3.666856776182332851e+02 1.890890140205811178e+02 1.898027170046840695e+02 1.800785302690081835e+02
3.677156935668044753e+02 1.889013571433978882e+02 1.896218104228944128e+02 1.798996292555493994e+02
3.687457095153774844e+02 1.887142162060397368e+02 1.894414012218113612e+02 1.797212201087302503e+02
3.697757254639522557e+02 1.885275883792555476e+02 1.892614866739560284e+02 1.795433001313094223e+02
3.708057414125286755e+02 1.883414708570027472e+02 1.890820640742234389e+02 1.793658666481711350e+02
3.718357573611068574e+02 1.881558608561940673e+02 1.889031307396381010e+02 1.791889170060839831e+02
3.728657733096866878e+02 1.879707556164477467e+02 1.887246840091132185e+02 1.790124485734626489e+02
3.738957892582684508e+02 1.877861523998415691e+02 1.885467212432136250e+02 1.788364587401331391e+02
3.749258052068519191e+02 1.876020484906692047e+02 1.883692398239211343e+02 1.786609449171011761e+02
3.759558211554370359e+02 1.874184411952013534e+02 1.881922371544036992e+02 1.784859045363238863e+02
3.769858371040240286e+02 1.872353278414485658e+02 1.880157106587873841e+02 1.783113350504839332e+02
3.780158530526127265e+02 1.870527057789282708e+02 1.878396577819313791e+02 1.781372339327672591e+02
3.790458690012033003e+02 1.868705723784343036e+02 1.876640759892059407e+02 1.779635986766436133e+02
3.800758849497956362e+02 1.866889250318102427e+02 1.874889627662739144e+02 1.777904267956503759e+02
3.811059008983896774e+02 1.865077611517248499e+02 1.873143156188741614e+02 1.776177158231782016e+02
3.821359168469855945e+02 1.863270781714512623e+02 1.871401320726087931e+02 1.774454633122608982e+02
3.831659327955832737e+02 1.861468735446485141e+02 1.869664096727324818e+02 1.772736668353670666e+02
3.841959487441827719e+02 1.859671447451466122e+02 1.867931459839453225e+02 1.771023239841950101e+02
3.852259646927839754e+02 1.857878892667334583e+02 1.866203385901873730e+02 1.769314323694696611e+02
3.862559806413871115e+02 1.856091046229458925e+02 1.864479850944372004e+02 1.767609896207435440e+02
3.872859965899920098e+02 1.854307883468621299e+02 1.862760831185118775e+02 1.765909933861987611e+02
3.883160125385987271e+02 1.852529379908978910e+02 1.861046303028703335e+02 1.764214413324525879e+02
3.893460284872073203e+02 1.850755511266046653e+02 1.859336243064189773e+02 1.762523311443652290e+02
3.903760444358176755e+02 1.848986253444706165e+02 1.857630628063195957e+02 1.760836605248501030e+02
3.914060603844299067e+02 1.847221582537247571e+02 1.855929434978008601e+02 1.759154271946868562e+02
3.924360763330440136e+02 1.845461474821422314e+02 1.854232640939703174e+02 1.757476288923361949e+02
3.934660922816598827e+02 1.843705906758538333e+02 1.852540223256309275e+02 1.755802633737577310e+02
3.944961082302776276e+02 1.841954854991566322e+02 1.850852159410983688e+02 1.754133284122299017e+02
3.955261241788973052e+02 1.840208296343276118e+02 1.849168427060216970e+02 1.752468217981721352e+02
3.965561401275187450e+02 1.838466207814396967e+02 1.847489004032054822e+02 1.750807413389693750e+02
3.975861560761420606e+02 1.836728566581797963e+02 1.845813868324348732e+02 1.749150848587988207e+02
3.986161720247672520e+02 1.834995349996698053e+02 1.844142998103027651e+02 1.747498501984589723e+02
3.996461879733943761e+02 1.833266535582890242e+02 1.842476371700387006e+02 1.745850352152007758e+02
4.006762039220233760e+02 1.831542101034995369e+02 1.840813967613405850e+02 1.744206377825607319e+02
4.017062198706541380e+02 1.829822024216735201e+02 1.839155764502078512e+02 1.742566557901963620e+02
4.027362358192868896e+02 1.828106283159227132e+02 1.837501741187778350e+02 1.740930871437239205e+02
4.037662517679214034e+02 1.826394856059299343e+02 1.835851876651623513e+02 1.739299297645573574e+02
4.047962677165581340e+02 1.824687721277830974e+02 1.834206150032885887e+02 1.737671815897504075e+02
4.058262836651963994e+02 1.822984857338107929e+02 1.832564540627399765e+02 1.736048405718396168e+02
4.068562996138368248e+02 1.821286242924203691e+02 1.830927027886004055e+02 1.734429046786900415e+02
4.078863155624788988e+02 1.819591856879376621e+02 1.829293591412996420e+02 1.732813718933426230e+02
4.089163315111231896e+02 1.817901678204489428e+02 1.827664210964610447e+02 1.731202402138633261e+02
4.099463474597692425e+02 1.816215686056448817e+02 1.826038866447509008e+02 1.729595076531943505e+02
4.109763634084172281e+02 1.814533859746662756e+02 1.824417537917298375e+02 1.727991722390071629e+02
4.120063793570671464e+02 1.812856178739514519e+02 1.822800205577059955e+02 1.726392320135571197e+02
4.130363953057191111e+02 1.811182622650862299e+02 1.821186849775898793e+02 1.724796850335401075e+02
4.140664112543729516e+02 1.809513171246551053e+02 1.819577451007512821e+02 1.723205293699510321e+02
4.150964272030285542e+02 1.807847804440944799e+02 1.817971989908775754e+02 1.721617631079436705e+02
4.161264431516864306e+02 1.806186502295475407e+02 1.816370447258339027e+02 1.720033843466922860e+02
4.171564591003460691e+02 1.804529245017214976e+02 1.814772803975255613e+02 1.718453911992558005e+02
4.181864750490075835e+02 1.802876012957452190e+02 1.813179041117608961e+02 1.716877817924418252e+02
4.192164909976713147e+02 1.801226786610305624e+02 1.811589139881170638e+02 1.715305542666744714e+02
4.202465069463368081e+02 1.799581546611333067e+02 1.810003081598067922e+02 1.713737067758619048e+02
4.212765228950042911e+02 1.797940273736173253e+02 1.808420847735467021e+02 1.712172374872666865e+02
4.223065388436738772e+02 1.796302948899195258e+02 1.806842419894275906e+02 1.710611445813773059e+02
4.233365547923454528e+02 1.794669553152168930e+02 1.805267779807859938e+02 1.709054262517809661e+02
4.243665707410188475e+02 1.793040067682945846e+02 1.803696909340772265e+02 1.707500807050383571e+02
4.253965866896943453e+02 1.791414473814163557e+02 1.802129790487502135e+02 1.705951061605597090e+02
4.264266026383718895e+02 1.789792753001957806e+02 1.800566405371235703e+02 1.704405008504822092e+02
4.274566185870513664e+02 1.788174886834694917e+02 1.799006736242633622e+02 1.702862630195492102e+02
4.284866345357329465e+02 1.786560857031715557e+02 1.797450765478617427e+02 1.701323909249902897e+02
4.295166504844163455e+02 1.784950645442100097e+02 1.795898475581183789e+02 1.699788828364036135e+02
4.305466664331019615e+02 1.783344234043436813e+02 1.794349849176214491e+02 1.698257370356387526e+02
4.315766823817895101e+02 1.781741604940618231e+02 1.792804869012314555e+02 1.696729518166814614e+02
4.326066983304791052e+02 1.780142740364640588e+02 1.791263517959657463e+02 1.695205254855395935e+02
4.336367142791708034e+02 1.778547622671423767e+02 1.789725779008847724e+02 1.693684563601305513e+02
4.346667302278643206e+02 1.776956234340643732e+02 1.788191635269791959e+02 1.692167427701696454e+02
4.356967461765601115e+02 1.775368557974575481e+02 1.786661069970587903e+02 1.690653830570604725e+02
4.367267621252579488e+02 1.773784576296951911e+02 1.785134066456421635e+02 1.689143755737853780e+02
4.377567780739577188e+02 1.772204272151840883e+02 1.783610608188484434e+02 1.687637186847988460e+02
4.387867940226595351e+02 1.770627628502521986e+02 1.782090678742892180e+02 1.686134107659203210e+02
4.398168099713633978e+02 1.769054628430392313e+02 1.780574261809630059e+02 1.684634502042298720e+02
4.408468259200695343e+02 1.767485255133871931e+02 1.779061341191494137e+02 1.683138353979637429e+02
4.418768418687776034e+02 1.765919491927329261e+02 1.777551900803060789e+02 1.681645647564122328e+02
4.429068578174877757e+02 1.764357322240017254e+02 1.776045924669656983e+02 1.680156366998177759e+02
4.439368737662000513e+02 1.762798729615018942e+02 1.774543396926345622e+02 1.678670496592750396e+02
4.449668897149142595e+02 1.761243697708209481e+02 1.773044301816923962e+02 1.677188020766312206e+02
4.459969056636306846e+02 1.759692210287228136e+02 1.771548623692933120e+02 1.675708924043887009e+02
4.470269216123490992e+02 1.758144251230456234e+02 1.770056347012672973e+02 1.674233191056074475e+02
4.480569375610698444e+02 1.756599804526019852e+02 1.768567456340241506e+02 1.672760806538096290e+02
4.490869535097925791e+02 1.755058854270791073e+02 1.767081936344567907e+02 1.671291755328846591e+02
4.501169694585173602e+02 1.753521384669406586e+02 1.765599771798472091e+02 1.669826022369956604e+02
4.511469854072443582e+02 1.751987380033296233e+02 1.764120947577725929e+02 1.668363592704868381e+02
4.521770013559732888e+02 1.750456824779722069e+02 1.762645448660124430e+02 1.666904451477916211e+02
4.532070173047046069e+02 1.748929703430829363e+02 1.761173260124575108e+02 1.665448583933425653e+02
4.542370332534378576e+02 1.747406000612707828e+02 1.759704367150189341e+02 1.663995975414816257e+02
4.552670492021733821e+02 1.745885701054462800e+02 1.758238755015388790e+02 1.662546611363716238e+02
4.562970651509109530e+02 1.744368789587292383e+02 1.756776409097017222e+02 1.661100477319083950e+02
4.573270810996506270e+02 1.742855251143589328e+02 1.755317314869470522e+02 1.659657558916349558e+02
4.583570970483926885e+02 1.741345070756031532e+02 1.753861457903823009e+02 1.658217841886550161e+02
4.593871129971365690e+02 1.739838233556703244e+02 1.752408823866980185e+02 1.656781312055490218e+02
4.604171289458828369e+02 1.738334724776211999e+02 1.750959398520826653e+02 1.655347955342900832e+02
4.614471448946312080e+02 1.736834529742819484e+02 1.749513167721387958e+02 1.653917757761611540e+02
4.624771608433816823e+02 1.735337633881585759e+02 1.748070117418006646e+02 1.652490705416732624e+02
4.635071767921344303e+02 1.733844022713518598e+02 1.746630233652520872e+02 1.651066784504845373e+02
4.645371927408892248e+02 1.732353681854729359e+02 1.745193502558452110e+02 1.649645981313198320e+02
4.655672086896462929e+02 1.730866597015608761e+02 1.743759910360209346e+02 1.648228282218919674e+02
4.665972246384055779e+02 1.729382753999998386e+02 1.742329443372290712e+02 1.646813673688227198e+02
4.676272405871671367e+02 1.727902138704381514e+02 1.740902087998504157e+02 1.645402142275659685e+02
4.686572565359307987e+02 1.726424737117077086e+02 1.739477830731188988e+02 1.643993674623305310e+02
4.696872724846966776e+02 1.724950535317444462e+02 1.738056658150451028e+02 1.642588257460045327e+02
4.707172884334646028e+02 1.723479519475095572e+02 1.736638556923401779e+02 1.641185877600802598e+02
4.717473043822348586e+02 1.722011675849119285e+02 1.735223513803410924e+02 1.639786521945801212e+02
4.727773203310074450e+02 1.720546990787308061e+02 1.733811515629361111e+02 1.638390177479831209e+02
4.738073362797821346e+02 1.719085450725395958e+02 1.732402549324912968e+02 1.636996831271520136e+02
4.748373522285590411e+02 1.717627042186310007e+02 1.730996601897783762e+02 1.635606470472621083e+02
4.758673681773381077e+02 1.716171751779417036e+02 1.729593660439021221e+02 1.634219082317292191e+02
4.768973841261196185e+02 1.714719566199790393e+02 1.728193712122296688e+02 1.632834654121400320e+02
4.779274000749034030e+02 1.713270472227481491e+02 1.726796744203202252e+02 1.631453173281825286e+02
4.789574160236892908e+02 1.711824456726794494e+02 1.725402744018552710e+02 1.630074627275768364e+02
4.799874319724773954e+02 1.710381506645571505e+02 1.724011698985695773e+02 1.628699003660071014e+02
4.810174479212676601e+02 1.708941609014488847e+02 1.722623596601833924e+02 1.627326290070543848e+02
4.820474638700604828e+02 1.707504750946356182e+02 1.721238424443347412e+02 1.625956474221299288e+02
4.830774798188554655e+02 1.706070919635423309e+02 1.719856170165127764e+02 1.624589543904087918e+02
4.841074957676526083e+02 1.704640102356697184e+02 1.718476821499918969e+02 1.623225486987652744e+02
4.851375117164520816e+02 1.703212286465262650e+02 1.717100366257662358e+02 1.621864291417074924e+02
4.861675276652539424e+02 1.701787459395612245e+02 1.715726792324850294e+02 1.620505945213140819e+02
4.871975436140579063e+02 1.700365608660985401e+02 1.714356087663889241e+02 1.619150436471707621e+02
4.882275595628643146e+02 1.698946721852708208e+02 1.712988240312463972e+02 1.617797753363077220e+02
4.892575755116728260e+02 1.697530786639544260e+02 1.711623238382910586e+02 1.616447884131374622e+02
4.902875914604838954e+02 1.696117790767053179e+02 1.710261070061598900e+02 1.615100817093938019e+02
4.913176074092970680e+02 1.694707722056955674e+02 1.708901723608320822e+02 1.613756540640713979e+02
4.923476233581125143e+02 1.693300568406497177e+02 1.707545187355675296e+02 1.612415043233648646e+02
4.933776393069305186e+02 1.691896317787833368e+02 1.706191449708477705e+02 1.611076313406103679e+02
4.944076552557506261e+02 1.690494958247405748e+02 1.704840499143156762e+02 1.609740339762260817e+02
4.954376712045731779e+02 1.689096477905337679e+02 1.703492324207172146e+02 1.608407110976545198e+02
4.964676871533980602e+02 1.687700864954821611e+02 1.702146913518425038e+02 1.607076615793041583e+02
4.974977031022251595e+02 1.686308107661531892e+02 1.700804255764690822e+02 1.605748843024936150e+02
4.985277190510547598e+02 1.684918194363023929e+02 1.699464339703039570e+02 1.604423781553939818e+02
4.995577349998865202e+02 1.683531113468150409e+02 1.698127154159276131e+02 1.603101420329736584e+02
5.005877509487207817e+02 1.682146853456484621e+02 1.696792688027379086e+02 1.601781748369429295e+02
5.016177668975572601e+02 1.680765402877742929e+02 1.695460930268949085e+02 1.600464754756992534e+02
5.026477828463961259e+02 1.679386750351216619e+02 1.694131869912658601e+02 1.599150428642728912e+02
5.036777987952375497e+02 1.678010884565212848e+02 1.692805496053712488e+02 1.597838759242736444e+02
5.047078147440812472e+02 1.676637794276491888e+02 1.691481797853307398e+02 1.596529735838372801e+02
5.057378306929271616e+02 1.675267468309721437e+02 1.690160764538103990e+02 1.595223347775734339e+02
5.067678466417754635e+02 1.673899895556926936e+02 1.688842385399698571e+02 1.593919584465132857e+02
5.077978625906262096e+02 1.672535064976954970e+02 1.687526649794104117e+02 1.592618435380582582e+02
5.088278785394795136e+02 1.671172965594933828e+02 1.686213547141230435e+02 1.591319890059287161e+02
5.098578944883351483e+02 1.669813586501748830e+02 1.684903066924381108e+02 1.590023938101139436e+02
5.108879104371929429e+02 1.668456916853516248e+02 1.683595198689741608e+02 1.588730569168218949e+02
5.119179263860532956e+02 1.667102945871060626e+02 1.682289932045880505e+02 1.587439772984295416e+02
5.129479423349159788e+02 1.665751662839405185e+02 1.680987256663254072e+02 1.586151539334340725e+02
5.139779582837812768e+02 1.664403057107265340e+02 1.679687162273720276e+02 1.584865858064047472e+02
5.150079742326490759e+02 1.663057118086537400e+02 1.678389638670045372e+02 1.583582719079341814e+02
