2.087629777192792524e+00 6.544126982289192540e+01 1.053752736203483380e+02 4.603467553384314215e+01
2.487635970693231169e+00 6.269555797182389512e+01 1.014440024042031325e+02 4.404971317369707862e+01
2.887642164193680916e+00 6.349387293451611214e+01 1.026394691996708843e+02 4.468006775156671750e+01
3.287648357694143098e+00 6.579830788617749704e+01 1.058598228413453199e+02 4.627191260131505146e+01
3.687654551194623043e+00 7.107204887934580029e+01 1.126695026199706717e+02 4.957302654397975061e+01
4.087660744695117643e+00 7.953867705939453003e+01 1.238222627902235331e+02 5.611983655395349757e+01
4.487666938195634003e+00 9.107163105897330979e+01 1.359664017967952816e+02 6.460075412358845881e+01
4.887673131696169904e+00 9.979826192324139811e+01 1.435015641083426488e+02 7.013194126751891133e+01
5.287679325196729785e+00 1.044614442974923776e+02 1.470345346697115758e+02 7.299379534311933071e+01
5.687685518697313647e+00 1.041895015657318737e+02 1.468293822299174849e+02 7.282115004031311400e+01
6.087691712197923266e+00 1.035555609844220015e+02 1.463499176471161434e+02 7.241765833353314008e+01
6.487697905698564860e+00 1.008640356804979348e+02 1.443094287539433367e+02 7.076392728373366481e+01
6.887704099199233987e+00 9.494210972927923819e+01 1.395670269961426868e+02 6.718487625514114825e+01
7.287710292699936865e+00 8.634535280440121596e+01 1.311513965275742635e+02 6.128673148421283656e+01
7.687716486200671717e+00 7.841405185824034163e+01 1.224652062056233319e+02 5.513980539445318385e+01
8.087722679701446538e+00 7.316293949042876932e+01 1.154732515125618875e+02 5.095730028976392845e+01
8.487728873202255997e+00 6.940924330840375944e+01 1.105134247484919285e+02 4.853546910555829186e+01
8.887735066703106313e+00 6.488182225842581374e+01 1.046152770179525646e+02 4.566151094714132341e+01
9.287741260203999261e+00 6.042466308784934625e+01 9.776210787163228133e+01 4.186559724077336853e+01
9.687747453704934841e+00 5.558411104585206175e+01 8.963335331318923238e+01 3.670719954430244769e+01
1.008775364720591483e+01 5.364000570146087199e+01 8.637022359705159147e+01 3.519329058156943546e+01
1.048775984070694811e+01 5.209834477184099910e+01 8.378451421058127835e+01 3.412894168017094643e+01
1.088776603420802402e+01 5.090358517675213790e+01 8.170373893539641585e+01 3.336972625795758773e+01
1.128777222770915500e+01 4.915175325057833788e+01 7.875022166170361970e+01 3.240722476121490558e+01
1.168777842121033572e+01 4.845304652818511215e+01 7.758141024616817560e+01 3.204542755351846495e+01
1.208778461471157506e+01 4.822287974637446695e+01 7.719672930069441463e+01 3.194398707503784252e+01
1.248779080821286591e+01 4.815297501865791929e+01 7.708003682780189081e+01 3.191317824601464181e+01
1.288779700171422071e+01 4.755971866158983374e+01 7.608564480025123089e+01 3.164858699878189441e+01
1.328780319521563591e+01 4.624548880421558295e+01 7.395623421450736146e+01 3.105260731620254688e+01
1.368780938871710973e+01 4.375309311318876837e+01 7.009755310882114543e+01 3.010782626005358864e+01
1.408781558221865104e+01 4.138183004332209691e+01 6.672122831562231227e+01 1.669613061195463288e+01
1.448782177572025986e+01 3.890693863100718630e+01 6.342699421799905934e+01 2.829247912948740762e+01
1.488782796922193441e+01 3.727728932932778605e+01 6.127001346493805300e+01 1.582943376840234428e+01
1.528783416272367646e+01 3.630689946345140129e+01 5.994637069316114264e+01 2.470222344827395133e+01
1.568784035622549489e+01 3.594794667894446150e+01 5.942093491637481861e+01 2.481508723451030107e+01
1.608784654972738082e+01 3.583992735523305839e+01 5.926150906480583558e+01 2.357498190099708779e+01
1.648785274322935379e+01 3.543216988874254270e+01 5.865969932285130284e+01 2.153880797907457278e+01
1.688785893673139427e+01 3.489131006770353594e+01 5.779707509711708013e+01 2.565811771289074272e+01
1.728786513023351645e+01 3.430447229379971930e+01 5.681049899070106335e+01 2.270723004734509232e+01
1.768787132373572391e+01 3.342386485016778153e+01 5.514177973897307083e+01 2.380799028263562533e+01
1.808787751723800952e+01 3.276348456523486163e+01 5.385900631979857422e+01 1.978423009118742826e+01
1.848788371074038039e+01 3.208294277462999133e+01 5.257164569234334550e+01 1.637446799492060379e+01
1.888788990424284364e+01 3.173107791810204148e+01 5.183091131595652001e+01 1.434414668238044577e+01
1.928789609774538505e+01 3.133215492466167262e+01 5.101251299890481050e+01 1.414972201879841052e+01
1.968790229124802593e+01 3.106740295956334208e+01 5.049753960919949947e+01 1.410871313395802673e+01
2.008790848475075919e+01 3.085641844748954910e+01 4.998757030060372841e+01 1.406805996486133026e+01
2.048791467825358481e+01 3.055758052408873482e+01 4.929033170352957427e+01 1.400945917339484126e+01
2.088792087175650636e+01 3.022840404626723654e+01 4.854409192445373122e+01 1.394490912595451526e+01
2.128792706525952383e+01 2.988408548579133850e+01 4.783105621979926525e+01 1.388144935753431852e+01
2.168793325876264433e+01 2.938334381496704140e+01 4.696903679635236983e+01 1.380121162225142228e+01
2.208793945226587141e+01 2.879867242821658024e+01 4.601966790492425474e+01 1.370903873638370385e+01
2.248794564576919441e+01 2.820246376598328197e+01 4.513326557896840541e+01 1.361968453291943071e+01
2.288795183927262755e+01 2.754620671382920349e+01 4.419580673914456526e+01 1.352236317796267429e+01
2.328795803277617082e+01 2.676332625480291938e+01 4.313698522632311949e+01 1.340783231435425549e+01
2.368796422627981357e+01 2.597494548499371447e+01 4.216561593820349430e+01 1.329682816997695127e+01
2.408797041978357001e+01 2.499297327040015659e+01 4.109928394886015468e+01 1.316784049095065434e+01
2.448797661328744724e+01 2.387664627972730713e+01 4.004965758938213582e+01 1.306654913211028557e+01
2.488798280679143815e+01 2.208131913470024088e+01 3.908870020946443447e+01 1.297567276998832320e+01
2.528798900029554275e+01 1.855651734904942174e+01 3.839218745831104229e+01 1.291079928980660085e+01
2.568799519379976815e+01 1.411771091486515317e+01 3.767275348778002808e+01 1.284573919224885863e+01
2.608800138730411078e+01 1.399252921581296150e+01 3.697482529335156443e+01 1.278314464979655796e+01
2.648800758080858486e+01 1.385696947818469482e+01 3.620822010054315143e+01 1.271536078189860497e+01
2.688801377431317619e+01 1.367344496324524528e+01 3.510464537707662913e+01 1.262359311035880793e+01
2.728801996781789185e+01 1.344949098404632437e+01 3.358188385921131669e+01 1.251160951399873689e+01
2.768802616132273542e+01 1.317970949434389638e+01 3.107663169666043856e+01 1.237671081045116139e+01
2.808803235482771754e+01 1.304130329481703043e+01 2.816836581837532805e+01 1.223589279618280656e+01
2.848803854833282401e+01 1.293032926517456538e+01 2.689443841707074156e+01 1.211064466862343636e+01
2.888804474183806548e+01 1.283059285619021317e+01 2.618293139726921126e+01 1.200582890030336181e+01
2.928805093534345616e+01 1.274634029919325862e+01 2.566205486908411615e+01 1.191778968971093455e+01
2.968805712884896408e+01 1.267311020212724593e+01 2.532643536016113472e+01 1.184126833336169682e+01
3.008806332235462122e+01 1.261950950763193369e+01 2.508077900457509557e+01 1.178525860500717748e+01
3.048806951586041691e+01 1.257951892878117306e+01 2.489749891929349701e+01 1.174347068641282021e+01
3.088807570936635827e+01 1.255153232366803806e+01 2.476923402492875326e+01 1.171422624910261057e+01
3.128808190287244528e+01 1.253411900830928971e+01 2.470178007291155708e+01 1.169603030831903823e+01
3.168808809637867085e+01 1.251474223277610598e+01 2.463750298390721483e+01 1.167578266145142152e+01
3.208809428988506340e+01 1.248790279218382082e+01 2.454847056936420913e+01 1.164773694691515438e+01
3.248810048339159096e+01 1.245784304053938030e+01 2.444875566434354397e+01 1.161632618741171719e+01
3.288810667689827483e+01 1.242010491246503534e+01 2.432356987102421542e+01 1.157689195391989401e+01
3.328811287040512212e+01 1.237431526538900073e+01 2.417167539221666672e+01 1.152904433331859124e+01
3.368811906391211153e+01 1.233359965896185351e+01 2.403661263867949316e+01 1.148649880145102564e+01
3.408812525741927857e+01 1.229249638325906169e+01 2.390026389963392361e+01 1.144354817686917869e+01
3.448813145092658061e+01 1.224356163111361262e+01 2.373793640537813943e+01 1.139241409734709620e+01
3.488813764443406740e+01 1.218493697869879000e+01 2.248788120165249893e+01 1.133115461391037471e+01
3.528814383794171050e+01 1.210964830053618080e+01 2.032853061782627790e+01 1.125248215543266816e+01
3.568815003144950992e+01 1.203215412027339326e+01 1.751471254135838151e+01 1.114996522861086170e+01
3.608815622495749409e+01 1.196806842581788288e+01 1.513880596429910064e+01 1.106340290152481742e+01
3.648816241846563457e+01 1.196420756203524505e+01 1.499566868955726839e+01 1.105818792560192598e+01
3.688816861197394559e+01 1.201400063833063037e+01 1.684169218149820324e+01 1.112544481644975214e+01
3.728817480548244134e+01 1.208148363314658269e+01 1.934354992970727949e+01 1.121659597147171539e+01
3.768818099899110763e+01 1.214887489117878872e+01 2.145358638282035102e+01 1.129347174907232976e+01
3.808818719249995155e+01 1.218294544348962027e+01 2.243076208598222010e+01 1.132907357098500967e+01
3.848819338600897311e+01 1.216649686582079326e+01 2.195900130256693927e+01 1.131188572713851315e+01
3.888819957951817230e+01 1.209305525470677622e+01 1.977255506112844330e+01 1.123222608204349982e+01
3.928820577302756334e+01 1.197686467796178000e+01 1.546491732970944533e+01 1.107528424355724184e+01
3.968821196653712491e+01 1.181411459159425092e+01 2.102366996059885196e+01 1.075819209391207032e+01
4.008821816004688543e+01 1.164908955273232749e+01 1.734379536164810176e+01 1.042383085400252263e+01
4.048822435355682359e+01 1.154215905405112075e+01 1.495936431613049677e+01 1.020717637314455573e+01
4.088823054706696070e+01 1.149197491978970476e+01 1.955983179328249832e+01 1.010549707968004185e+01
4.128823674057728965e+01 1.146585379347332712e+01 2.112899539259022319e+01 1.005257243113452326e+01
4.168824293408781756e+01 1.144578055470128142e+01 2.067808742471176942e+01 1.001190155445357455e+01
4.208824912759853021e+01 1.142595410914847953e+01 2.023272320740791841e+01 9.951665456008608857e+00
4.248825532110944181e+01 1.140153284886238616e+01 1.968414502460024451e+01 9.863410732773925105e+00
4.288826151462054526e+01 1.136930734089215456e+01 1.896025893537864349e+01 9.746952644465135762e+00
4.328826770813188318e+01 1.133876211598588135e+01 1.827411727945129627e+01 9.636566843787230496e+00
4.368827390164339874e+01 1.130244578560541946e+01 1.745833847471445921e+01 9.505325144993657105e+00
4.408828009515511326e+01 1.126376987547441288e+01 1.658955610027737748e+01 9.365556283580520613e+00
4.448828628866706225e+01 1.123089805344968184e+01 1.585115176812372795e+01 9.246762514502833596e+00
4.488829248217919599e+01 1.119763881748227519e+01 1.510404490243262288e+01 9.126568690313844101e+00
4.528829867569154999e+01 1.116661899001559810e+01 1.440724218286264779e+01 9.014467748110709167e+00
4.568830486920411715e+01 1.113850473066061753e+01 1.377570764585432705e+01 8.916819412386258747e+00
4.608831106271689748e+01 1.112429148365187004e+01 1.345643349191989557e+01 8.871830880465283897e+00
4.648831725622989097e+01 1.111720439228287027e+01 1.329723516803931105e+01 8.849398438667510192e+00
4.688832344974311184e+01 1.110836104238778077e+01 1.309858576344071857e+01 8.821406993166093002e+00
4.728832964325654586e+01 1.110584029310101251e+01 1.304196181992389114e+01 8.813428182294602564e+00
4.768833583677019305e+01 1.109000326377857704e+01 1.268621241694487267e+01 8.763299967484343256e+00
4.808834203028408893e+01 1.107232940630091633e+01 1.228920208640854739e+01 8.707357725658035008e+00
4.848834822379818377e+01 1.103953109266640276e+01 1.440270506035014542e+01 8.616971975394717376e+00
4.888835441731252729e+01 1.098323673071488393e+01 1.819741601252880514e+01 8.511234499325929903e+00
4.928836061082709108e+01 1.091535939536830213e+01 2.023885421629551828e+01 8.383740770415686328e+00
4.968836680434189645e+01 1.084442499231958656e+01 1.963346729806378832e+01 8.250504963404029724e+00
5.008837299785692210e+01 1.078079723427597614e+01 1.909043865892005343e+01 8.130993198633680308e+00
5.048837919137218933e+01 1.073225999255980057e+01 1.867619944749193195e+01 8.039825890638809369e+00
5.088838538488769814e+01 1.069028840762591059e+01 1.831799457983441926e+01 7.960990829654580381e+00
5.128839157840343432e+01 1.065991285203650030e+01 1.805875557594484349e+01 7.903936544449653212e+00
5.168839777191943341e+01 1.063762051500881078e+01 1.786850248811512998e+01 7.867192211043794181e+00
5.208840396543564566e+01 1.062857266084327357e+01 1.779128392681811377e+01 7.853101002321132285e+00
5.248841015895211370e+01 1.061501287097171442e+01 1.767555842481343831e+01 7.831982864714162496e+00
5.288841635246884465e+01 1.060240321639555106e+01 1.756794181572480795e+01 7.812344476284985184e+00
5.328842254598581718e+01 1.058400645952485242e+01 1.741093540601748657e+01 7.783693203160745533e+00
5.368842873950303130e+01 1.055767858518131597e+01 1.718624118110830779e+01 7.742689936992739774e+00
5.408843493302050831e+01 1.053566774656089144e+01 1.699839053054365934e+01 7.708410060738473568e+00
5.448844112653822691e+01 1.052401483513344083e+01 1.689893920883949008e+01 7.690261712616734080e+00
5.488844732005620841e+01 1.051360919026698326e+01 1.681013263534098101e+01 7.674055868554209070e+00
5.528845351357446702e+01 1.049912581614193741e+01 1.668652483926018348e+01 7.651499332598779901e+00
5.568845970709293880e+01 1.048243857429067560e+01 1.654410821934183673e+01 7.625510473403043221e+00
5.608846590061169479e+01 1.047512544300446002e+01 1.648169458333865478e+01 7.614120937554555546e+00
5.648847209413072790e+01 1.045966618003454585e+01 1.634975810167032506e+01 7.590044543613842620e+00
5.688847828765002390e+01 1.043034953763993400e+01 1.609955635147039388e+01 7.544386543443631687e+00
5.728848448116958281e+01 1.040383370231694471e+01 1.587325798085465678e+01 7.503090545170897130e+00
5.768849067468941172e+01 1.038378933750682265e+01 1.570219012493740429e+01 7.471873272756352158e+00
5.808849686820950353e+01 1.037525694252028075e+01 1.562937073005942956e+01 7.458584844753444187e+00
5.848850306172987956e+01 1.037186028920143599e+01 1.560038212373275357e+01 7.453294866599655677e+00
5.888850925525052560e+01 1.036699755081292551e+01 1.555888127110464758e+01 7.445721594490871453e+00
5.928851544877143454e+01 1.036075470708332880e+01 1.550560196284193282e+01 7.435998934022733486e+00
5.968852164229264901e+01 1.035174599090916736e+01 1.542871742321800355e+01 7.421968679156687898e+00
6.008852783581412638e+01 1.033690642252176417e+01 1.530206970098694441e+01 7.398857403082232054e+00
6.048853402933590218e+01 1.030236452696256855e+01 1.566501197766075926e+01 7.345061547059819063e+00
6.088854022285794088e+01 1.024622194544408238e+01 1.643049211032248991e+01 7.257624590193358038e+00
6.128854641638027800e+01 1.019205427529425023e+01 1.716904516952972770e+01 7.173263377895202630e+00
6.168855260990289935e+01 1.014864404959240929e+01 1.776092506586434183e+01 7.105655905463511779e+00
6.208855880342581912e+01 1.011338546587728437e+01 1.824166080351174912e+01 7.050743872919072786e+00
6.248856499694902311e+01 1.009287485501808668e+01 1.852131422693514295e+01 7.018800464751959289e+00
6.288857119047251132e+01 1.007269809980526354e+01 1.879641567113769440e+01 6.987377006344229535e+00
6.328857738399630506e+01 1.005559795182317906e+01 1.902956888910204469e+01 6.960745083460040838e+00
6.368858357752039723e+01 1.003558814603694316e+01 1.930239404914103574e+01 6.929581633577330813e+00
6.408858977104480914e+01 1.002280483766453578e+01 1.947039831919881436e+01 6.909672795178067872e+00
6.448859596456949816e+01 1.001539120341384503e+01 1.945965409320910311e+01 6.898126735116901997e+00
6.488860215809449983e+01 1.000469898138523739e+01 1.944415836656237317e+01 6.881474573227728264e+00
6.528860835161978571e+01 1.001232055432077850e+01 1.945520394815535781e+01 6.893344478850080392e+00
6.568861454514539844e+01 1.003314798085141391e+01 1.933566465977943238e+01 6.925781298567726729e+00
6.608862073867130960e+01 1.003606909158278704e+01 1.929583656193118912e+01 6.930330662457186541e+00
6.648862693219753339e+01 1.003406509141742831e+01 1.932316024871120774e+01 6.927209614737620313e+00
6.688863312572408404e+01 1.002312842306385932e+01 1.947086727606123091e+01 6.910176749963154563e+00
6.728863931925093311e+01 1.009862748023581247e+01 1.844287963779235895e+01 7.027759654540294498e+00
6.768864551277809483e+01 1.022152286156197043e+01 1.676725357542320793e+01 7.219158016807696754e+00
6.808865170630559760e+01 1.040066224369503800e+01 1.584619128995576887e+01 7.498151287245319097e+00
6.848865789983341301e+01 1.053876441797047647e+01 1.702481895287264990e+01 7.713232844392988063e+00
6.888866409336152685e+01 1.061892402779241174e+01 1.770893804136956007e+01 7.838074135207605764e+00
6.928867028688998175e+01 1.062437017416332452e+01 1.775541796685031670e+01 7.846556012108210076e+00
6.968867648041877771e+01 1.055117044636046408e+01 1.713069772215406772e+01 7.732554103584859284e+00
7.008868267394787210e+01 1.039640793673078711e+01 1.580988307177662300e+01 7.491525591659741856e+00
7.048868886747733598e+01 1.017930504858490970e+01 1.734287543327678804e+01 7.153407618581780980e+00
7.088869506100706985e+01 9.870323749338165698e+00 1.932819157031846657e+01 6.777936841878473118e+00
7.128870125453718742e+01 9.583622759584436324e+00 1.909050956791124420e+01 6.587717049317745044e+00
7.168870744806763184e+01 9.433079753035192638e+00 1.896570580188391375e+01 6.487835079946578709e+00
7.208871364159840311e+01 9.490690487871759728e+00 1.901346648393760930e+01 6.526058533724314437e+00
7.248871983512950123e+01 9.544770537771201546e+00 1.905830014342871692e+01 6.561939455804081334e+00
7.288872602866096884e+01 9.593258695707389094e+00 1.909849799025585781e+01 6.594110280718904704e+00
7.328873222219277750e+01 9.573718569544952928e+00 1.908229875663072406e+01 6.581145837350843131e+00
7.368873841572489880e+01 9.538562250961440725e+00 1.905315332464120104e+01 6.557820394233610628e+00
7.408874460925738958e+01 9.475930438111406673e+00 1.900123004838960128e+01 6.516265565775331225e+00
7.448875080279022143e+01 9.371306205851746896e+00 1.891449404847151783e+01 6.446849691856120224e+00
7.488875699632342275e+01 9.266381457002571764e+00 1.882750891308719687e+01 6.377234431798174619e+00
7.528876318985693672e+01 9.209649583320924648e+00 1.878047682802690233e+01 6.339594083041183659e+00
7.568876938339084859e+01 9.191632411196213326e+00 1.876554015985566082e+01 6.327640086136474551e+00
7.608877557692508731e+01 9.191908927219131442e+00 1.876576939827608470e+01 6.327823548427847555e+00
7.648878177045969551e+01 9.184802330555138283e+00 1.875987785905660488e+01 6.323108478052963832e+00
7.688878796399465898e+01 9.190052007327567551e+00 1.876422996711292512e+01 6.326591522975551385e+00
7.728879415752999194e+01 9.214032359192422916e+00 1.878411025442746762e+01 6.342501958308140786e+00
7.768880035106568016e+01 9.251541872760952856e+00 1.881520654154509486e+01 6.367388694472491117e+00
7.808880654460173787e+01 9.247849712709752978e+00 1.881214565223692858e+01 6.364939027592571463e+00
7.848881273813815085e+01 9.240792066238523006e+00 1.880629469390223463e+01 6.360256434592533203e+00
7.888881893167496173e+01 9.255112422426734042e+00 1.881816661292463877e+01 6.369757675539966968e+00
7.928882512521212789e+01 9.262040127209681728e+00 1.882390984648065668e+01 6.374354055091590254e+00
7.968883131874964931e+01 9.232792363835770288e+00 1.879966274858742636e+01 6.354948808229240242e+00
8.008883751228754022e+01 9.171649686869029594e+00 1.874897400172793382e+01 6.314381988633636311e+00
8.048884370582582903e+01 9.114474379301917395e+00 1.870157429933251336e+01 6.276447431259579268e+00
8.088884989936450154e+01 9.082069084348260546e+00 1.867470953196704997e+01 6.254947231733764212e+00
8.128885609290354353e+01 9.080064171969095099e+00 1.867304741147928837e+01 6.253617016525247152e+00
8.168886228644298342e+01 9.078219255074877481e+00 1.867151793108903846e+01 6.252392954797342917e+00
8.208886847998279279e+01 9.056344678086453825e+00 1.865338338169356902e+01 6.237879654718868849e+00
8.248887467352298586e+01 9.047079611159622559e+00 1.864570241881479618e+01 6.231732486861524478e+00
8.288888086706357683e+01 9.053492750270891065e+00 1.865101906507748097e+01 6.235987463422492105e+00
8.328888706060453728e+01 9.075254019952181395e+00 1.866905967999553795e+01 6.250425586598099770e+00
8.368889325414589564e+01 9.076180852443572533e+00 1.866982804637836679e+01 6.251040519544101670e+00
8.408889944768765190e+01 9.071107738570985290e+00 1.866562231320418874e+01 6.247674620217037678e+00
8.448890564122983449e+01 9.032051292757234506e+00 1.863324358212308596e+01 6.221761528576745803e+00
8.488891183477237234e+01 8.971111650479734578e+00 1.858272315589456980e+01 6.181329418025930167e+00
8.528891802831532232e+01 8.930354786262309830e+00 1.854291338052017935e+01 6.149469171406873436e+00
8.568892422185867019e+01 8.934973559759345818e+00 1.854868025550821997e+01 6.154084471483608709e+00
8.608893041540241597e+01 8.981117595459069847e+00 1.859101832446272695e+01 6.187968142154431916e+00
8.648893660894657387e+01 9.058917412822069082e+00 1.865551624054469926e+01 6.239586607555490438e+00
8.688894280249115809e+01 9.151458138623562277e+00 1.873223472355939023e+01 6.300985341060036937e+00
8.728894899603612600e+01 9.256057173040794339e+00 1.881894983386126086e+01 6.370384496765741034e+00
8.768895518958150603e+01 9.371027764474028743e+00 1.891426321388574650e+01 6.446664952134238291e+00
8.808896138312728397e+01 9.450000681807509295e+00 1.897973365800205769e+01 6.499061743530020863e+00
8.848896757667350244e+01 9.435421865691838050e+00 1.896764746949578040e+01 6.489389020112895423e+00
8.888897377022014723e+01 9.388454405811733849e+00 1.892871031785960056e+01 6.458227144867289660e+00
8.928897996376718993e+01 9.339067445223914632e+00 1.888776734205961461e+01 6.425459984187831708e+00
8.968898615731464474e+01 9.286725213161270531e+00 1.884437437526936776e+01 6.390732065970059494e+00
9.008899235086254009e+01 9.248366749080727089e+00 1.881257428779928276e+01 6.365282069837793877e+00
9.048899854441083335e+01 9.198496589362537890e+00 1.877123072832162265e+01 6.332194317177042286e+00
9.088900473795958135e+01 9.145203881131369172e+00 1.872704979397267522e+01 6.296835778954205765e+00
9.128901093150871304e+01 9.149181836067047158e+00 1.873034761410021787e+01 6.299475064445792860e+00
9.168901712505831370e+01 9.171221375865709291e+00 1.874861892162510912e+01 6.314097813715813245e+00
9.208902331860834067e+01 9.187669271895785528e+00 1.876225462224536855e+01 6.325010630492585939e+00
9.248902951215880819e+01 9.174553415621032215e+00 1.875138126256374704e+01 6.316308548710504844e+00
9.288903570570967361e+01 9.157898871707606858e+00 1.873757424588786691e+01 6.305258625614230006e+00
9.328904189926102219e+01 9.133846033796238828e+00 1.871763386590082590e+01 6.289300097386170130e+00
9.368904809281276869e+01 9.083211968334866881e+00 1.867565701022545710e+01 6.255705510088644061e+00
9.408905428636499835e+01 9.053930352850272811e+00 1.865138184811989319e+01 6.236277803096398564e+00
9.448906047991764012e+01 9.030648538255395152e+00 1.863208066496968485e+01 6.220830831858250143e+00
9.488906667347069401e+01 9.008669379940391408e+00 1.861385941514413034e+01 6.206248144372827902e+00
9.528907286702427371e+01 9.008258288834822380e+00 1.861351861074988179e+01 6.205975394477921903e+00
9.568907906057823709e+01 8.994199240630239345e+00 1.860186332231828032e+01 6.196647525622728025e+00
9.608908525413268364e+01 9.006947794696618104e+00 1.861243217965252583e+01 6.205105910478806663e+00
9.648909144768757074e+01 9.043337459333860906e+00 1.864260008512552957e+01 6.229249651540171406e+00
9.688909764124294099e+01 9.047669154190741025e+00 1.864619116413884115e+01 6.232123635678906481e+00
9.728910383479872337e+01 9.046922390678414416e+00 1.864557207926199212e+01 6.231628174534777465e+00
9.768911002835496049e+01 9.029664151499614988e+00 1.863126458472015656e+01 6.220177712925368141e+00
9.808911622191168078e+01 9.005737501332212958e+00 1.861142881740184407e+01 6.204302907486342278e+00
9.848912241546884161e+01 8.979303580362635984e+00 1.858951446240460470e+01 6.186764583088793401e+00
9.888912860902649982e+01 8.943319234923061245e+00 1.855910043856998826e+01 6.162423870514161628e+00
9.928913480258459856e+01 8.941486647834185675e+00 1.855681232016517157e+01 6.160592661571495654e+00
9.968914099614313784e+01 8.962645604558721502e+00 1.857570460060912509e+01 6.175712383008757911e+00
1.000891471897022029e+02 8.999760367534403116e+00 1.860647363000978416e+01 6.200337210848520186e+00
1.004891533832617085e+02 9.031137764954232594e+00 1.863248624564629807e+01 6.221155422998474904e+00
1.008891595768216831e+02 9.018301684695495979e+00 1.862184482699763066e+01 6.212638966441394572e+00
1.012891657703821551e+02 9.000135116023029624e+00 1.860678430550222373e+01 6.200585848217473384e+00
1.016891719639430534e+02 8.972220826130348215e+00 1.858364268913331330e+01 6.182065331642253803e+00
1.020891781575044774e+02 8.945101864927133661e+00 1.856116041933884730e+01 6.164072498136625278e+00
1.024891843510663563e+02 8.925371741269776393e+00 1.853669168604865192e+01 6.144489873774895194e+00
1.028891905446287467e+02 8.909195446869738078e+00 1.851649440474991337e+01 6.128325744307683287e+00
1.032891967381915919e+02 8.900643543160503768e+00 1.850581673033427421e+01 6.119780271820059347e+00
1.036892029317549060e+02 8.887026079939655432e+00 1.848881433606243974e+01 6.106173049234132399e+00
1.040892091253187743e+02 8.871839667442291244e+00 1.846985299438908257e+01 6.090998057256408416e+00
1.044892153188830832e+02 8.872611918864077296e+00 1.847081720651414827e+01 6.091769727927965228e+00
1.048892215124478753e+02 8.867078725906630154e+00 1.846390861225404834e+01 6.086240696054567856e+00
1.052892277060131647e+02 8.868996755720623071e+00 1.846630341212196313e+01 6.088157283467523051e+00
1.056892338995789800e+02 8.889479888719693079e+00 1.849187809497768242e+01 6.108625012695444667e+00
1.060892400931452642e+02 8.906671221969046925e+00 1.851334272618127841e+01 6.125803417680205420e+00
1.064892462867120599e+02 8.901007115339705678e+00 1.850627067667044301e+01 6.120143570584904325e+00
1.068892524802793531e+02 8.890346337933232590e+00 1.849295991990397070e+01 6.109490810319921472e+00
1.072892586738471579e+02 8.883953939412187140e+00 1.848497854494192083e+01 6.103103219024602843e+00
1.076892648674154316e+02 8.896510854453913097e+00 1.850065676759725974e+01 6.115650690987203930e+00
1.080892710609842453e+02 8.907642887911645602e+00 1.851455592185426369e+01 6.126774352908424426e+00
1.084892772545535422e+02 8.926798977355389297e+00 1.853847369421368185e+01 6.145916036547258265e+00
1.088892834481233649e+02 8.933176155560630605e+00 1.854643606550331469e+01 6.152288418972790218e+00
1.092892896416937418e+02 8.962592341333103008e+00 1.857566044411657202e+01 6.175677044031599117e+00
1.096892958352645593e+02 8.986401127664374044e+00 1.859539849948555457e+01 6.191473649411117108e+00
1.100893020288359025e+02 8.951706989092077293e+00 1.856663622581939421e+01 6.168454852552535783e+00
1.104893082224078285e+02 8.907434738251438944e+00 1.851429603184883632e+01 6.126566359781387305e+00
1.108893144159802091e+02 8.888459048946629082e+00 1.849060350219718529e+01 6.107604940616570666e+00
1.112893206095531440e+02 8.891829859707824468e+00 1.849481220484966215e+01 6.110973216453176704e+00
1.116893268031265762e+02 8.904598249276928001e+00 1.851075446884916431e+01 6.123732003909610810e+00
1.120893329967005343e+02 8.915091063168222973e+00 1.852385551093809113e+01 6.134216926971711281e+00
1.124893391902750466e+02 8.931211423811788563e+00 1.854398295486953430e+01 6.150325164745879647e+00
1.128893453838500704e+02 8.952400638491914364e+00 1.856721127782205016e+01 6.168915073652785352e+00
1.132893515774256343e+02 8.985800382071353454e+00 1.859490046696879162e+01 6.191075067940630561e+00
1.136893577710017240e+02 8.992035034149772343e+00 1.860006914319688676e+01 6.195211622286201703e+00
1.140893639645783395e+02 8.987956987234664297e+00 1.859668834441580643e+01 6.192505927970632484e+00
1.144893701581555092e+02 8.979301550832206047e+00 1.858951277987516093e+01 6.186763236540049782e+00
1.148893763517331905e+02 8.975937026362810656e+00 1.858672350832879872e+01 6.184530948652995797e+00
1.152893825453114403e+02 8.983797834484725797e+00 1.859324030695080765e+01 6.189746421719881653e+00
1.156893887388902016e+02 8.986909070769339536e+00 1.859581959651211491e+01 6.191810658474609319e+00
1.160893949324695313e+02 9.003212000348236543e+00 1.860933511646461014e+01 6.202627293203683223e+00
1.164894011260494295e+02 9.020750679319588627e+00 1.862387510232608179e+01 6.214263820439203556e+00
1.168894073196298251e+02 9.011732528088396421e+00 1.861639883848589605e+01 6.208280475707983470e+00
1.172894135132107891e+02 8.985389808337959749e+00 1.859456009148849276e+01 6.190802661310768507e+00
1.176894197067923216e+02 8.952978257675834328e+00 1.856769013799054946e+01 6.169298311260156709e+00
1.180894259003743656e+02 8.936464174744553901e+00 1.855054139684379777e+01 6.155573965493227995e+00
1.184894320939570207e+02 8.922362362744319597e+00 1.853293425785713211e+01 6.141482758368958628e+00
1.188894382875402158e+02 8.918042716580746543e+00 1.852754086512335263e+01 6.137166360675283094e+00
1.192894444811239225e+02 8.921829023267608960e+00 1.853226834468985018e+01 6.140949819975383583e+00
1.196894506747082545e+02 8.924091247805236549e+00 1.853509289672985716e+01 6.143210343269894125e+00
1.200894568682931123e+02 8.919545602664824102e+00 1.852941732781928152e+01 6.138668116555630938e+00
1.204894630618785669e+02 8.918055811350935613e+00 1.852755721489731400e+01 6.137179445597912064e+00
1.208894692554645331e+02 8.909628513200518185e+00 1.851703511959395954e+01 6.128758484962957276e+00
1.212894754490510820e+02 8.913716156519337019e+00 1.852213883988473953e+01 6.132843054283175555e+00
1.216894816426382278e+02 8.911195335893125957e+00 1.851899141180064845e+01 6.130324129370086972e+00
1.220894878362259277e+02 8.903157124342229167e+00 1.850895511944484539e+01 6.122291962732884230e+00
1.224894940298142245e+02 8.896305745182150559e+00 1.850040067373816655e+01 6.115445735962171447e+00
1.228895002234030756e+02 8.909719948625593133e+00 1.851714928337926480e+01 6.128849851626561929e+00
1.232895064169925092e+02 8.922715985739362310e+00 1.853337578191251822e+01 6.141836115431653198e+00
1.236895126105825398e+02 8.933722425299773562e+00 1.854711812304465468e+01 6.152834277904951854e+00
1.240895188041731529e+02 8.918794665147256495e+00 1.852847972765542295e+01 6.137917743759762068e+00
1.244895249977643061e+02 8.916852212152750923e+00 1.852605443366847027e+01 6.135976751533070761e+00
1.248895311913560846e+02 8.922511838435715603e+00 1.853312088914065114e+01 6.141632121651312559e+00
1.252895373849484173e+02 8.932477315153526831e+00 1.854556351237487988e+01 6.151590104109199153e+00
1.256895435785413895e+02 8.924344818077903696e+00 1.853540949767685575e+01 6.143463722852080089e+00
1.260895497721349017e+02 8.905009509043908977e+00 1.851126795661064861e+01 6.124142954400109140e+00
1.264895559657290391e+02 8.899988600758819146e+00 1.850499898706166846e+01 6.119125821949612742e+00
1.268895621593237450e+02 8.891358382963714391e+00 1.849422353180804279e+01 6.110502094270053419e+00
1.272895683529190478e+02 8.884743117452664762e+00 1.848596389118279504e+01 6.103891803585661080e+00
1.276895745465149616e+02 8.877350086156191367e+00 1.847673315334799682e+01 6.096504332012993466e+00
1.280895807401115007e+02 8.878548679020278556e+00 1.847822968380422637e+01 6.097702023508614566e+00
1.284895869337085799e+02 8.907085913343909311e+00 1.851386049855504368e+01 6.126217797197938353e+00
1.288895931273063411e+02 8.950302248578609010e+00 1.856547166221467293e+01 6.167522838159062104e+00
1.292895993209046139e+02 9.007441970635385431e+00 1.861284186336784430e+01 6.205433785330727758e+00
1.296896055145035689e+02 9.009009480939898395e+00 1.861414136703642086e+01 6.206473793895808555e+00
1.300896117081031207e+02 8.974234795969834977e+00 1.858531231847309328e+01 6.183401556276217903e+00
1.304896179017032694e+02 8.912569269624174950e+00 1.852070686809524247e+01 6.131697029872441362e+00
1.308896240953040717e+02 8.820674010053094705e+00 1.825928051344894953e+01 6.039870877578463748e+00
1.312896302889054141e+02 8.722346440508594867e+00 1.668467794038889096e+01 5.941617252551091966e+00
1.316896364825074102e+02 8.638196018366347317e+00 1.652296370694125116e+01 5.857530113396110849e+00
1.320896426761100031e+02 8.585361381221707333e+00 1.670487913580607398e+01 5.804735209072585000e+00
1.324896488697132781e+02 8.577321560376610421e+00 1.673256111747707919e+01 5.796701434351407833e+00
1.328896550633171785e+02 8.605407159491280211e+00 1.663585933084640089e+01 5.824765912471482565e+00
1.332896612569216472e+02 8.628458203221011757e+00 1.655649206852572775e+01 5.847799621304138995e+00
1.336896674505267129e+02 8.614602627160669712e+00 1.660419833088324282e+01 5.833954464944863361e+00
1.340896736441324606e+02 8.614327670146931126e+00 1.660514503792576235e+01 5.833679714704908648e+00
1.344896798377388905e+02 8.618784555432007721e+00 1.658979949489086891e+01 5.838133248313218893e+00
1.348896860313458603e+02 8.616650185107060267e+00 1.659714836513968450e+01 5.836000483082181667e+00
1.352896922249535123e+02 8.627940305089213169e+00 1.655827524838360532e+01 5.847282112643242158e+00
1.356896984185617612e+02 8.643997867652551292e+00 1.650298730588792040e+01 5.863327599562734527e+00
1.360897046121707206e+02 8.645670934631015214e+00 1.649722675346709266e+01 5.864999408357657096e+00
1.364897108057803052e+02 8.658273960933000168e+00 1.645383315679217517e+01 5.877592956903823662e+00
1.368897169993904583e+02 8.665131740561797358e+00 1.643022107218908090e+01 5.884445579329960374e+00
1.372897231930013220e+02 8.641810023593864187e+00 1.651052029204500826e+01 5.861141400811393787e+00
1.376897293866127541e+02 8.605236867733411898e+00 1.663644566397630342e+01 5.824595748776801862e+00
1.380897355802248967e+02 8.567706878677467941e+00 1.676566551715167463e+01 5.787093983106540662e+00
1.384897417738376930e+02 8.534231989864665024e+00 1.688092321709408949e+01 5.765343364255604897e+00
1.388897479674511146e+02 8.496678716736353110e+00 1.701022323987483986e+01 5.741051972051606000e+00
1.392897541610652183e+02 8.476016489154320155e+00 1.708136554717597377e+01 5.727686578513511151e+00
1.396897603546799473e+02 8.455394369349736650e+00 1.715236975901683181e+01 5.714347128752648608e+00
1.400897665482953016e+02 8.458489687534836321e+00 1.714171224028392260e+01 5.716349340058531681e+00
1.404897727419113949e+02 8.496546870508874250e+00 1.701067720084272139e+01 5.740966687117550649e+00
1.408897789355281134e+02 8.542764579986224405e+00 1.685154457695993457e+01 5.770862683236151369e+00
1.412897851291454856e+02 8.585732653674172710e+00 1.670360080418375048e+01 5.805106202319917585e+00
1.416897913227635684e+02 8.609194720618710051e+00 1.662281834402250524e+01 5.828550625268786867e+00
1.420897975163822480e+02 8.605788589425864998e+00 1.663454602590324427e+01 5.825147055562281295e+00
1.424898037100016097e+02 8.595608866577546081e+00 1.666959592399580004e+01 5.814974988091738517e+00
1.428898099036216252e+02 8.574105835942368969e+00 1.674363320808242506e+01 5.793488128213394539e+00
1.432898160972423511e+02 8.546259404402464455e+00 1.683951151461964812e+01 5.773123315759153940e+00
1.436898222908637592e+02 8.537055267475814446e+00 1.687120236378283167e+01 5.767169605699828949e+00
1.440898284844858495e+02 8.552923000462969938e+00 1.681656802526038064e+01 5.777433673070531128e+00
1.444898346781085650e+02 8.590751229002561828e+00 1.668632130095455679e+01 5.810121003568146314e+00
1.448898408717319626e+02 8.605690739211244278e+00 1.663488293488414982e+01 5.825049278933197350e+00
1.452898470653560992e+02 8.602219723154636455e+00 1.664683402244071431e+01 5.821580873157787828e+00
1.456898532589808894e+02 8.590755623085538417e+00 1.668630617164673069e+01 5.810125394346675520e+00
1.460898594526063334e+02 8.575978954679008837e+00 1.673718385559879707e+01 5.795359838323123292e+00
1.464898656462324880e+02 8.550842024171233291e+00 1.682373305401854680e+01 5.776087590370972968e+00
1.468898718398593246e+02 8.515890001215026928e+00 1.694407668822133317e+01 5.753478820822405915e+00
1.472898780334869002e+02 8.485042706767636389e+00 1.705028729364963169e+01 5.733525201192671616e+00
1.476898842271151580e+02 8.458791051559131802e+00 1.714067461101859280e+01 5.716544277838931265e+00
1.480898904207440125e+02 8.451068477621783259e+00 1.716726427692103485e+01 5.711548919066993690e+00
1.484898966143736629e+02 8.460771334884483963e+00 1.713385627914628628e+01 5.717825227139057276e+00
1.488899028080039670e+02 8.463259336977314362e+00 1.712528981607973577e+01 5.719434595101067664e+00
1.492899090016350101e+02 8.456649524101495174e+00 1.714804812405730416e+01 5.715159027525028357e+00
1.496899151952667353e+02 8.457164507005044740e+00 1.714627498164882979e+01 5.715492145004448687e+00
1.500899213888991426e+02 8.462874269124350590e+00 1.712661564677337722e+01 5.719185513370974583e+00
1.504899275825322604e+02 8.447665125346597748e+00 1.717898239068462374e+01 5.709347455438444463e+00
1.508899337761661172e+02 8.424327227758590553e+00 1.725933732218350158e+01 5.694251300661468562e+00
1.512899399698006278e+02 8.418339925504021437e+00 1.727995225807113400e+01 5.690378405033631459e+00
1.516899461634359341e+02 8.412583151699026374e+00 1.729977345931732202e+01 5.686654627086260128e+00
1.520899523570719225e+02 8.431557059573179913e+00 1.723444422125103515e+01 5.698927928437083956e+00
1.524899585507085646e+02 8.457022418915665085e+00 1.714676420646636501e+01 5.715400235106345761e+00
1.528899647443459742e+02 8.478470286633283948e+00 1.707291685433246897e+01 5.729273821168685998e+00
1.532899709379840942e+02 8.481220426013610592e+00 1.706344782394166160e+01 5.731052753036352421e+00
1.536899771316229533e+02 8.486036680954178735e+00 1.704686493191503160e+01 5.734168154916663873e+00
1.540899833252624944e+02 8.491166303350437872e+00 1.702920308149717243e+01 5.737486259015346590e+00
1.544899895189028030e+02 8.476119947857979398e+00 1.708100932755447232e+01 5.727753500934332109e+00
1.548899957125437936e+02 8.454371950021029036e+00 1.715589006048406873e+01 5.713685775244908172e+00
1.552900019061855232e+02 8.463005976837051136e+00 1.712616216272701308e+01 5.719270708706532425e+00
1.556900080998280202e+02 8.481654921676776482e+00 1.706195180789656618e+01 5.731333807221133725e+00
1.560900142934711994e+02 8.508116023197969113e+00 1.697084334398708449e+01 5.748450211242825070e+00
1.564900204871151743e+02 8.506629207975931806e+00 1.697596261125903183e+01 5.747488462540655263e+00
1.568900266807598030e+02 8.490490444230662348e+00 1.703153013829685847e+01 5.737049078509214972e+00
1.572900328744052558e+02 8.486857551961863422e+00 1.704403858334000077e+01 5.734699136584453072e+00
1.576900390680513908e+02 8.485070936174132328e+00 1.705019009671846675e+01 5.733543461427474064e+00
1.580900452616982932e+02 8.478128368729656472e+00 1.707409411503560648e+01 5.729052651049367562e+00
1.584900514553459345e+02 8.469550180996881394e+00 1.710362975272757780e+01 5.723503837184210852e+00
1.588900576489942864e+02 8.456224716217441539e+00 1.714951078402033957e+01 5.714884239894995055e+00
1.592900638426434341e+02 8.453852077571321288e+00 1.715768003813423803e+01 5.713349494955071606e+00
1.596900700362932923e+02 8.452797817324118057e+00 1.716130997136307457e+01 5.712667545100464928e+00
1.600900762299439748e+02 8.448787659394852767e+00 1.717511738329855930e+01 5.710073568305766400e+00
1.604900824235953110e+02 8.427445651700150364e+00 1.724860024780636181e+01 5.696268457961284781e+00
1.608900886172474429e+02 8.423907518773244618e+00 1.726078242608112845e+01 5.693979811261869806e+00
1.612900948109003423e+02 8.449141786669002840e+00 1.717389808439860843e+01 5.710302636075097027e+00
1.616901010045539806e+02 8.475802213761038928e+00 1.708210332076865257e+01 5.727547974147386256e+00
1.620901071982084147e+02 8.505937442442121466e+00 1.697834443558030415e+01 5.747040992946258697e+00
1.624901133918635594e+02 8.523808240870890174e+00 1.691681332386988856e+01 5.758600746263860870e+00
1.628901195855194715e+02 8.534839547128877157e+00 1.687883133104637068e+01 5.765736363601918768e+00
1.632901257791761793e+02 8.529818989390946626e+00 1.689611765992823322e+01 5.762488808144417440e+00
1.636901319728336546e+02 8.505146994369315649e+00 1.698106603466626296e+01 5.746529690400464574e+00
1.640901381664919256e+02 8.470611458311424258e+00 1.709997565896913940e+01 5.724190326039567900e+00
1.644901443601508788e+02 8.427671591215275981e+00 1.724782231336764582e+01 5.696414607282479281e+00
1.648901505538107131e+02 8.399536755638241203e+00 1.734469362651826430e+01 5.678215545824862431e+00
1.652901567474712294e+02 8.385399936045820013e+00 1.731020176559622925e+01 5.669071122432969290e+00
1.656901629411325700e+02 8.379755946031625768e+00 1.727113035458538448e+01 5.665420298853309333e+00
1.660901691347947349e+02 8.374136592881402663e+00 1.723222949615095700e+01 5.661785411666819812e+00
1.664901753284575534e+02 8.375957686854979656e+00 1.724483630639550213e+01 5.662963389091087762e+00
1.668901815221212530e+02 8.381660726246641602e+00 1.728431649603479414e+01 5.666652408850946010e+00
1.672901877157856916e+02 8.386773141092740858e+00 1.731970799410751383e+01 5.669959382219467159e+00
1.676901939094509828e+02 8.382645342519770892e+00 1.729113265747353623e+01 5.667289309394323737e+00
1.680902001031169846e+02 8.386761820041250814e+00 1.731962962234309344e+01 5.669952059179983017e+00
1.684902062967838106e+02 8.396039698434339726e+00 1.735673437659043827e+01 5.675953469019744624e+00
1.688902124904514324e+02 8.407723305726408469e+00 1.731650644003044448e+01 5.683511028280143762e+00
1.692902186841198500e+02 8.419744433077294588e+00 1.727511638502754110e+01 5.691286912907213669e+00
1.696902248777891202e+02 8.443514166474971105e+00 1.719327459564980032e+01 5.706662401338665092e+00
1.700902310714590442e+02 8.473479421676451295e+00 1.709010094772452248e+01 5.726045472532086400e+00
1.704902372651298776e+02 8.517976124479650579e+00 1.693689393787310848e+01 5.754828232849254377e+00
1.708902434588014785e+02 8.545992033614602690e+00 1.684043210145753378e+01 5.772950366555774870e+00
1.712902496524738751e+02 8.550638916045461002e+00 1.682443237748896081e+01 5.775956209568930078e+00
1.716902558461471244e+02 8.522612319649018886e+00 1.692093101131363753e+01 5.757827162790955633e+00
1.720902620398211411e+02 8.495273337665491198e+00 1.701506211357986587e+01 5.740142900448472751e+00
1.724902682334959536e+02 8.482503044466321640e+00 1.705903162845883259e+01 5.731882416745730069e+00
1.728902744271715903e+02 8.450309851795145377e+00 1.716987630853626712e+01 5.711058200789840278e+00
1.732902806208480797e+02 8.422455195592007726e+00 1.726578293348769222e+01 5.693040373789088449e+00
1.736902868145253080e+02 8.406911911866952636e+00 1.731930015774855747e+01 5.682986176920194588e+00
1.740902930082033890e+02 8.411852106558779241e+00 1.730229052761560382e+01 5.686181749418315334e+00
1.744902992018822943e+02 8.423947325423787547e+00 1.726064536743368549e+01 5.694005560254703724e+00
1.748903053955619953e+02 8.429804008394096826e+00 1.724048016801436845e+01 5.697793964598584893e+00
1.752903115892425774e+02 8.429386918777209914e+00 1.724191625314017529e+01 5.697524169541483552e+00
1.756903177829239553e+02 8.418794097305113411e+00 1.727838849493317497e+01 5.690672186758347628e+00
1.760903239766061290e+02 8.438391413764799509e+00 1.721091279298781274e+01 5.703348740906943881e+00
1.764903301702891838e+02 8.457223590538792024e+00 1.714607155058616428e+01 5.715530363278689130e+00
1.768903363639730060e+02 8.453775052956110869e+00 1.715794524230079432e+01 5.713299671464824314e+00
1.772903425576577092e+02 8.452077317230335396e+00 1.716379073191413340e+01 5.712201488511966296e+00
1.776903487513432367e+02 8.438479169055948859e+00 1.721061064193146706e+01 5.703405505551347510e+00
1.780903549450295600e+02 8.420727533576783941e+00 1.727173146258561687e+01 5.691922832970092827e+00
1.784903611387167928e+02 8.404112088323229202e+00 1.732894025614287514e+01 5.681175106775384620e+00
1.788903673324047645e+02 8.397503113606717307e+00 1.735169567824636516e+01 5.676900081363975836e+00
1.792903735260936458e+02 8.401063954410895818e+00 1.733943531426887930e+01 5.679203416688562100e+00
1.796903797197833796e+02 8.405423485054717148e+00 1.732442497390165315e+01 5.682023385758437684e+00
1.800903859134739378e+02 8.432593739595452220e+00 1.723087481865760040e+01 5.699598506496286632e+00
1.804903921071653770e+02 8.459308174295264493e+00 1.713889410093272048e+01 5.716878779472333250e+00
1.808903983008576120e+02 8.497156905854668096e+00 1.700857678248934235e+01 5.741361289414727231e+00
1.812904044945506712e+02 8.514430679771134436e+00 1.694910129141091915e+01 5.752534856512712125e+00
1.816904106882446683e+02 8.508797215596977992e+00 1.696849792412424307e+01 5.748890841588790934e+00
1.820904168819394613e+02 8.489724401787720254e+00 1.703416770613242193e+01 5.736553562782455096e+00
1.824904230756351637e+02 8.466238682172292584e+00 1.711503160502404342e+01 5.721361789100776640e+00
1.828904292693316620e+02 8.431501206383881453e+00 1.723463652988479211e+01 5.698891799716096607e+00
1.832904354630290413e+02 8.386208457363789393e+00 1.731579888193519778e+01 5.669594115685062441e+00
1.836904416567272733e+02 8.344253461277794770e+00 1.702535880462966134e+01 5.642455462248383569e+00
1.840904478504264148e+02 8.337258162700576847e+00 1.697693274697068588e+01 5.637930542656350852e+00
1.844904540441263521e+02 8.353891805549155336e+00 1.709208176295227588e+01 5.648690039993254253e+00
1.848904602378272273e+02 8.399138310112329364e+00 1.734606551800163032e+01 5.677957810726545596e+00
1.852904664315288983e+02 8.458647870521794232e+00 1.714116759897536468e+01 5.716451660965769399e+00
1.856904726252315072e+02 8.519050156198092694e+00 1.693319592930839335e+01 5.755522971910294494e+00
1.860904788189349404e+02 8.580784106232190567e+00 1.672063919374819818e+01 5.800161376295566384e+00
1.864904850126392830e+02 8.620702302314921184e+00 1.658319648282315484e+01 5.840049553007864880e+00
1.868904912063445067e+02 8.625443048314314964e+00 1.656687357633175850e+01 5.844786733860927619e+00
1.872904974000505547e+02 8.603712387203902523e+00 1.664169461701752439e+01 5.823072414690523502e+00
1.876905035937575406e+02 8.542902098996837168e+00 1.685107108397985698e+01 5.770951637618660257e+00
1.880905097874654075e+02 8.479452154775543704e+00 1.706953617503114629e+01 5.729908944079403099e+00
1.884905159811740987e+02 8.422853932368996155e+00 1.726441003919505235e+01 5.693298297283607923e+00
1.888905221748837846e+02 8.370911145314183344e+00 1.720990082666788368e+01 5.659699025970929220e+00
1.892905283685942663e+02 8.325166478148835481e+00 1.689322615363044378e+01 5.630109017995908793e+00
1.896905345623056292e+02 8.283622764909587488e+00 1.660563324669667296e+01 5.603236403498179641e+00
1.900905407560179299e+02 8.272187775668790266e+00 1.652647273021664986e+01 5.595839663204793091e+00
1.904905469497310833e+02 8.272330941820150940e+00 1.652746382047877916e+01 5.595932270448938262e+00
1.908905531434452030e+02 8.272444546172900814e+00 1.652825026452772050e+01 5.596005755598403297e+00
1.912905593371601753e+02 8.271132558645255983e+00 1.651916782394848937e+01 5.595157094457952951e+00
1.916905655308760288e+02 8.251122175032698181e+00 1.638064278746815106e+01 5.582213347189256325e+00
1.920905717245928201e+02 8.238323584136708178e+00 1.629204252347064497e+01 5.573934559078010942e+00
1.924905779183104357e+02 8.213715761324468900e+00 1.612169098904889708e+01 5.558016951225928537e+00
1.928905841120291029e+02 8.145533459555881706e+00 1.564968825173610512e+01 5.513913124963616852e+00
1.932905903057485659e+02 8.061305369357601336e+00 1.506660601336944794e+01 5.459430055895056810e+00
1.936905964994689384e+02 8.004511621421764644e+00 1.467344233610094406e+01 5.422692933111360247e+00
1.940906026931902488e+02 7.982775540518193935e+00 1.452297088795654822e+01 5.408632915908533789e+00
1.944906088869124403e+02 7.985525465500740161e+00 1.454200767735054711e+01 5.410411709092669774e+00
1.948906150806356266e+02 7.994580010140263759e+00 1.460468919064825855e+01 5.416268655152092215e+00
1.952906212743596370e+02 8.013247645230201499e+00 1.473391883871019381e+01 5.428343843483650843e+00
1.956906274680846138e+02 8.038402531274360996e+00 1.490805750463456647e+01 5.444615320024664307e+00
1.960906336618105286e+02 8.045123720132908218e+00 1.495458599453504078e+01 5.448962931325609382e+00
1.964906398555373244e+02 8.016779438010194880e+00 1.475836823124370589e+01 5.430628389049331872e+00
1.968906460492650581e+02 7.979379681629583665e+00 1.449946251922484564e+01 5.406436299388562183e+00
1.972906522429937297e+02 7.934397462765947040e+00 1.418806601480495644e+01 5.377339482264545723e+00
1.976906584367233108e+02 7.923066416512136279e+00 1.410962506004563011e+01 5.370009977651392319e+00
1.980906646304538299e+02 7.930943970908755247e+00 1.416415867275871143e+01 5.375105585770630690e+00
1.984906708241852584e+02 7.928301004718085743e+00 1.414586232247040520e+01 5.373395979044738091e+00
1.988906770179176533e+02 7.916567268273888125e+00 1.406463368135814562e+01 5.365805993665554219e+00
1.992906832116509577e+02 7.916692305854994061e+00 1.406549927373355935e+01 5.365886874416281316e+00
1.996906894053852000e+02 7.927775228501244165e+00 1.414222255368692238e+01 5.373055879894093501e+00
2.000906955991204086e+02 7.935156008261905036e+00 1.419331716563415213e+01 5.377830148579674230e+00
2.004907017928565267e+02 7.925259504632139240e+00 1.412480705843756823e+01 5.371428580058667634e+00
2.008907079865935543e+02 7.917639740586592367e+00 1.407205804008699346e+01 5.366499724022607332e+00
2.012907141803316335e+02 7.898749422104653028e+00 1.394128683112359113e+01 5.354280492598082475e+00
2.016907203740705654e+02 7.897252003590382152e+00 1.393092071529432729e+01 5.353311885140101367e+00
2.020907265678105205e+02 7.896865237978492935e+00 1.392824326934758261e+01 5.353061705212047272e+00
2.024907327615513850e+02 7.885173280926650818e+00 1.384309324251982787e+01 5.345105306461432448e+00
