1.000000000000000000e+00 1.000000000000000000e+00 3.771498165159004875e-19 5.371868099133010332e+00 1.460610936154265460e-01 4.557937307755159040e+00 2.412163700824955015e+01
5.743169000744589858e-02 2.121857710340755154e-01 7.396180302544152520e-03 6.371868099133010332e+00 1.732510936154265380e-01 4.052693674486855357e+00 1.847288239355015094e+01
2.637775472425369847e-02 8.036435033678654416e-02 1.348818607198012595e-02 7.371868099133010332e+00 2.004410936154265299e-01 3.394501982969338805e+00 1.523335689047360120e+01
1.527735361096649487e-02 4.025749559192736554e-02 1.827601730830791943e-02 8.371868099133010332e+00 2.276310936154265496e-01 2.663878325492953003e+00 1.317554617673752482e+01
9.262244590545856346e-03 2.180384494111181279e-02 2.175967401152754249e-02 9.371868099133010332e+00 2.548210936154265416e-01 1.922885049156176862e+00 1.177028134377243518e+01
5.583541603212571931e-03 1.116446928097490979e-02 2.393915618163897779e-02 1.037186809913301033e+01 2.820110936154265335e-01 1.275273358938680213e+00 9.997659258553092343e+00
3.528157874628113939e-03 6.638711395935835598e-03 2.481446381864223921e-02 1.137186809913301033e+01 3.092010936154265255e-01 8.352906084382686336e-01 9.408183578853583029e+00
2.326210980786604272e-03 4.158767185741589489e-03 2.438559692253731634e-02 1.237186809913301033e+01 3.363910936154265174e-01 5.412117103739282342e-01 8.938929486815743175e+00
2.329862957970476201e-03 3.987447452312536250e-03 2.265255549332422652e-02 1.337186809913301033e+01 3.635810936154265094e-01 5.035380251300070054e-01 8.557257495921493984e+00
2.362632006964834452e-03 3.894182362998602036e-03 2.014125046486213086e-02 1.437186809913301033e+01 3.907710936154265569e-01 4.540118682806322248e-01 8.241195309973981864e+00
2.507703738646572741e-03 4.000015688959211724e-03 1.750862686178330380e-02 1.537186809913301033e+01 4.179610936154265488e-01 4.189025531235160971e-01 7.975455049403187502e+00
2.896834064908709525e-03 4.376594009663256450e-03 1.475666400378630554e-02 1.637186809913301033e+01 4.451510936154265408e-01 4.078462752394124147e-01 7.554098563462555482e+00
3.768308008232110467e-03 5.565381002337890619e-03 1.188536189087113608e-02 1.737186809913301033e+01 4.723410936154265327e-01 4.273104322829465729e-01 7.384456087692352177e+00
5.372190843171337216e-03 7.774192801215323335e-03 8.894720523037781545e-03 1.837186809913301033e+01 4.995310936154265247e-01 4.558987818023954031e-01 7.235588820431800627e+00
8.362042017538456884e-03 1.188069932595947793e-02 5.838306928059687831e-03 1.937186809913301033e+01 5.267210936154265166e-01 4.657833507575694920e-01 7.103946201801562665e+00
1.698502117694774757e-02 2.373397046616926992e-02 2.961514620463831949e-03 2.037186809913301033e+01 5.539110936154265641e-01 4.799153779843281509e-01 6.986735612193780476e+00
1.731524910440655207e-01 2.383178032566568849e-01 2.947465735952904328e-04 2.137186809913301033e+01 5.811010936154265005e-01 4.869251443008411617e-01 6.881731871706294079e+00
1.000000000000000000e+00 1.000000000000000000e+00 -2.161997212545934549e-03 2.237186809913301033e+01 6.082910936154265480e-01 5.025417344729280478e-01 6.701501747166155987e+00
1.000000000000000000e+00 1.000000000000000000e+00 -4.408716737959845165e-03 2.337186809913301033e+01 6.354810936154264844e-01 4.841263389702897824e-01 6.623611537997420307e+00
1.000000000000000000e+00 1.000000000000000000e+00 -6.304309533976902753e-03 2.437186809913301033e+01 6.626710936154265319e-01 4.710796454461429472e-01 6.552472765057473225e+00
1.000000000000000000e+00 1.000000000000000000e+00 -3.126558056410221748e-03 2.537186809913301033e+01 6.898610936154264683e-01 4.800667913919188790e-01 6.487250808923419321e+00
6.743758072374260101e-03 8.668753437687986077e-03 7.426138561626076037e-03 2.637186809913301033e+01 7.170510936154265158e-01 4.778039357629413897e-01 6.427242306629778135e+00
1.974419745717427739e-03 2.495889943447327040e-03 2.535378032013199320e-02 2.737186809913301033e+01 7.442410936154265633e-01 4.776028407524999797e-01 6.320565697494119561e+00
9.603885541413024595e-04 1.204893946521749283e-03 5.065636721910753842e-02 2.837186809913301033e+01 7.714310936154264997e-01 4.641578604936016372e-01 6.272950366422592516e+00
5.646926657132957886e-04 7.034519455208839301e-04 8.333389925855268221e-02 2.937186809913301033e+01 7.986210936154265472e-01 4.489712616517432808e-01 6.228626545311273688e+00
3.939050188211856078e-04 4.874390441841533451e-04 1.158841104959581619e-01 3.037186809913301033e+01 8.258110936154264836e-01 4.355119723946290766e-01 6.187266230357777452e+00
3.314046691609443072e-04 4.075338490184521843e-04 1.341791300841650159e-01 3.137186809913301033e+01 8.530010936154265311e-01 4.242562876109328696e-01 6.148583392778578016e+00
3.165473472119459115e-04 3.869682110597783909e-04 1.378887870407280725e-01 3.237186809913301033e+01 8.801910936154264675e-01 4.164398891475084019e-01 6.112327499631229344e+00
3.459406580814801358e-04 4.183281114770282753e-04 1.270130813656474289e-01 3.337186809913301033e+01 9.073810936154265150e-01 4.192130098518049852e-01 6.046240904393760829e+00
4.630912960057895970e-04 5.571954473722539550e-04 1.015520130589230435e-01 3.437186809913301033e+01 9.345710936154265625e-01 4.486832404490292414e-01 6.016043188223601845e+00
7.644232248064440453e-04 9.154016565657140548e-04 6.387569986022331725e-02 3.537186809913301033e+01 9.617610936154264989e-01 4.658587290729243047e-01 5.987531689644167265e+00
1.591215629138419086e-03 1.896910294578972676e-03 3.113058619886110642e-02 3.637186809913301033e+01 9.889510936154265464e-01 4.726079546113697294e-01 5.960569579140178931e+00
7.084512306082448724e-03 8.409364820729512899e-03 6.724689741173327413e-03 3.737186809913301033e+01 1.016141093615426483e+00 4.545345534218979688e-01 5.935034380213868310e+00
1.000000000000000000e+00 1.000000000000000000e+00 -9.341989512840020646e-03 3.837186809913301033e+01 1.043331093615426530e+00 4.347436553212554733e-01 5.910816155678369377e+00
1.000000000000000000e+00 1.000000000000000000e+00 -1.706945156317890913e-02 3.937186809913301033e+01 1.070521093615426578e+00 4.181969916826779876e-01 5.865944391099912281e+00
1.000000000000000000e+00 1.000000000000000000e+00 -1.645769640984336146e-02 4.037186809913301033e+01 1.097711093615426403e+00 4.067396096556614715e-01 5.845120738119552684e+00
1.000000000000000000e+00 1.000000000000000000e+00 -7.506724052833362026e-03 4.137186809913301033e+01 1.124901093615426451e+00 4.019824911616723395e-01 5.825271646920278101e+00
4.085704351087400370e-03 4.744589935692302730e-03 9.783465507851083973e-03 4.237186809913301033e+01 1.152091093615426498e+00 3.813680866408518666e-01 5.806330473262881320e+00
