4.885523751544235328e-07 2.356936610598632349e-06 3.825555879100996093e-02 5.371868099133010332e+00 1.460610936154265460e-01 1.783160238747268805e-04 2.412163700824955015e+01
5.850570024695893515e-07 2.161537840028740693e-06 2.773887054992465670e-02 6.371868099133010332e+00 1.732510936154265380e-01 1.548358947670458604e-04 1.847288239355015094e+01
7.100467725689926076e-07 2.163279179094481091e-06 1.877539726052155494e-02 7.371868099133010332e+00 2.004410936154265299e-01 1.271922895973607518e-04 1.523335689047360120e+01
9.150394605045239716e-07 2.411228933082869594e-06 1.136513892280065913e-02 8.371868099133010332e+00 2.276310936154265496e-01 9.922000954565266830e-05 1.317554617673752482e+01
1.437442782719613536e-06 3.383821193637000343e-06 5.508095536761966650e-03 9.371868099133010332e+00 2.548210936154265416e-01 7.553995532618760600e-05 1.177028134377243518e+01
5.042283019400663006e-06 1.008220550263121621e-05 1.204267102405480114e-03 1.037186809913301033e+01 2.820110936154265335e-01 5.793416259944263614e-05 9.997659258553092343e+00
1.000000000000000000e+00 1.000000000000000000e+00 -1.546346380268802216e-03 1.137186809913301033e+01 3.092010936154265255e-01 5.121438228400076840e-05 9.408183578853583029e+00
1.000000000000000000e+00 1.000000000000000000e+00 -2.743744911260879472e-03 1.237186809913301033e+01 3.363910936154265174e-01 4.193672035029782338e-05 8.938929486815743175e+00
1.000000000000000000e+00 1.000000000000000000e+00 -2.387928490570752522e-03 1.337186809913301033e+01 3.635810936154265094e-01 3.554495286106362252e-05 8.557257495921493984e+00
1.000000000000000000e+00 1.000000000000000000e+00 -1.286805727082260091e-03 1.437186809913301033e+01 3.907710936154265569e-01 3.757454985036937431e-05 8.241195309973981864e+00
1.000000000000000000e+00 1.000000000000000000e+00 -4.495808544269857491e-04 1.537186809913301033e+01 4.179610936154265488e-01 3.832978381881589489e-05 7.975455049403187502e+00
3.218173385103461633e-05 4.862079789076699190e-05 1.207054805455069822e-04 1.637186809913301033e+01 4.451510936154265408e-01 3.706134026103400563e-05 7.554098563462555482e+00
9.014732278770836240e-06 1.331377893097720828e-05 4.240532778352180216e-04 1.737186809913301033e+01 4.723410936154265327e-01 3.647186323519995260e-05 7.384456087692352177e+00
8.347253195635427435e-06 1.207945838073066453e-05 4.604625374421476131e-04 1.837186809913301033e+01 4.995310936154265247e-01 3.667098555812812940e-05 7.235588820431800627e+00
1.416125209947246422e-05 2.012015461296036444e-05 2.812219394284874306e-04 1.937186809913301033e+01 5.267210936154265166e-01 3.799579587019091543e-05 7.103946201801562665e+00
3.324615581362362035e-05 4.645642015831748413e-05 1.212877615467419605e-04 2.037186809913301033e+01 5.539110936154265641e-01 3.847185342633782331e-05 6.986735612193780476e+00
4.247135408367218811e-04 5.845529420642603781e-04 9.769858079481810468e-06 2.137186809913301033e+01 5.811010936154265005e-01 3.958850076764890646e-05 6.881731871706294079e+00
1.000000000000000000e+00 1.000000000000000000e+00 -5.333177097329290604e-05 2.237186809913301033e+01 6.082910936154265480e-01 4.083161851184458123e-05 6.701501747166155987e+00
1.000000000000000000e+00 1.000000000000000000e+00 -6.801712561158222117e-05 2.337186809913301033e+01 6.354810936154264844e-01 4.164689970711557261e-05 6.623611537997420307e+00
1.000000000000000000e+00 1.000000000000000000e+00 -3.570365404256685730e-05 2.437186809913301033e+01 6.626710936154265319e-01 4.146252199065298977e-05 6.552472765057473225e+00
1.000000000000000000e+00 1.000000000000000000e+00 -3.828504992549107915e-06 2.537186809913301033e+01 6.898610936154264683e-01 4.055041160413269099e-05 6.487250808923419321e+00
9.156922062460043929e-04 1.177075137567096036e-03 4.487535253337664285e-06 2.637186809913301033e+01 7.170510936154265158e-01 3.920505646907500948e-05 6.427242306629778135e+00
1.000000000000000000e+00 1.000000000000000000e+00 -1.075553330490653731e-05 2.737186809913301033e+01 7.442410936154265633e-01 3.758818714682558366e-05 6.320565697494119561e+00
1.000000000000000000e+00 1.000000000000000000e+00 -4.955771066728168221e-05 2.837186809913301033e+01 7.714310936154264997e-01 3.570187407339991113e-05 6.272950366422592516e+00
1.000000000000000000e+00 1.000000000000000000e+00 -1.119189968337877907e-04 2.937186809913301033e+01 7.986210936154265472e-01 3.425644618358739010e-05 6.228626545311273688e+00
1.000000000000000000e+00 1.000000000000000000e+00 -1.580405356232469796e-04 3.037186809913301033e+01 8.258110936154264836e-01 3.326990576886619739e-05 6.187266230357777452e+00
1.000000000000000000e+00 1.000000000000000000e+00 -1.129752238136333658e-04 3.137186809913301033e+01 8.530010936154265311e-01 3.251941907422729731e-05 6.148583392778578016e+00
1.362368938204993327e-04 1.665449025126755655e-04 2.502846640628074871e-05 3.237186809913301033e+01 8.801910936154264675e-01 3.253221735812431698e-05 6.112327499631229344e+00
1.344788017785426154e-05 1.626182464174569627e-05 2.559705350364952013e-04 3.337186809913301033e+01 9.073810936154265150e-01 3.284191703577266921e-05 6.046240904393760829e+00
6.079107229803928101e-06 7.314434328068554421e-06 5.798509820770101275e-04 3.437186809913301033e+01 9.345710936154265625e-01 3.363108616049918992e-05 6.016043188223601845e+00
3.672964257862727693e-06 4.398397977776690956e-06 9.737231998223606043e-04 3.537186809913301033e+01 9.617610936154264989e-01 3.412219121611083291e-05 5.987531689644167265e+00
2.847946229752344577e-06 3.395076332017758489e-06 1.271581623537162802e-03 3.637186809913301033e+01 9.889510936154265464e-01 3.455100791312305298e-05 5.960569579140178931e+00
2.522510113147260212e-06 2.994236849193232575e-06 1.440431080393560345e-03 3.737186809913301033e+01 1.016141093615426483e+00 3.466650763805906700e-05 5.935034380213868310e+00
2.436326840442291625e-06 2.880136009799826778e-06 1.480271570391553234e-03 3.837186809913301033e+01 1.043331093615426530e+00 3.440817518130729252e-05 5.910816155678369377e+00
2.576072502639298311e-06 3.022219609584741073e-06 1.391103093531140819e-03 3.937186809913301033e+01 1.070521093615426578e+00 3.419023539981104275e-05 5.865944391099912281e+00
3.024374147502814988e-06 3.535566409880268923e-06 1.172925649812324184e-03 4.037186809913301033e+01 1.097711093615426403e+00 3.384470190335493343e-05 5.845120738119552684e+00
4.210822935496054113e-06 4.905837491269355894e-06 8.257392392351021364e-04 4.137186809913301033e+01 1.124901093615426451e+00 3.317375211930463749e-05 5.825271646920278101e+00
9.825405559664976269e-06 1.140991034264986003e-05 3.495438617994752720e-04 4.237186809913301033e+01 1.152091093615426498e+00 3.276701336593815077e-05 5.806330473262881320e+00
